1-Wire/iButton Part Number: DS1923
1-Wire/iButton Registration Number: 9B0000006D987C41
Mission in Progress?  true
SUTA Mission?  false
Waiting for Temperature Alarm?  false
Sample Rate:  Every 3600 second(s)
Mission Start Time:  Sat Feb 01 03:47:01 PST 2020
Mission Sample Count:  4096
Roll Over Enabled?  true(rolled over occurred)
First Sample Timestamp:  Sat Aug 29 23:47:01 PDT 2020
Total Mission Samples:  9155
Total Device Samples:  16800
Temperature Logging:  0.5 C
Temperature High Alarm:  disabled
Temperature Low Alarm:  disabled
Data Logging:  0.6 %RH
Data High Alarm:  disabled
Data Low Alarm:  disabled

Date/Time,Unit,Value
8/29/20, 11:47:01 PM,%RH,107.856
8/30/20, 12:47:01 AM,%RH,108.671
8/30/20, 1:47:01 AM,%RH,105.916
8/30/20, 2:47:01 AM,%RH,96.422
8/30/20, 3:47:01 AM,%RH,108.532
8/30/20, 4:47:01 AM,%RH,110.163
8/30/20, 5:47:01 AM,%RH,109.667
8/30/20, 6:47:01 AM,%RH,111.095
8/30/20, 7:47:01 AM,%RH,91.42
8/30/20, 8:47:01 AM,%RH,47.702
8/30/20, 9:47:01 AM,%RH,25.401
8/30/20, 10:47:01 AM,%RH,20.169
8/30/20, 11:47:01 AM,%RH,20.222
8/30/20, 12:47:01 PM,%RH,23.641
8/30/20, 1:47:01 PM,%RH,22.399
8/30/20, 2:47:01 PM,%RH,23.586
8/30/20, 3:47:01 PM,%RH,29.196
8/30/20, 4:47:01 PM,%RH,36.271
8/30/20, 5:47:01 PM,%RH,43.912
8/30/20, 6:47:01 PM,%RH,52.539
8/30/20, 7:47:01 PM,%RH,73.597
8/30/20, 8:47:01 PM,%RH,89.851
8/30/20, 9:47:01 PM,%RH,102.4
8/30/20, 10:47:01 PM,%RH,107.565
8/30/20, 11:47:01 PM,%RH,108.745
8/31/20, 12:47:01 AM,%RH,110.142
8/31/20, 1:47:01 AM,%RH,110.864
8/31/20, 2:47:01 AM,%RH,111.958
8/31/20, 3:47:01 AM,%RH,111.527
8/31/20, 4:47:01 AM,%RH,111.406
8/31/20, 5:47:01 AM,%RH,112.158
8/31/20, 6:47:01 AM,%RH,111.406
8/31/20, 7:47:01 AM,%RH,58.602
8/31/20, 8:47:01 AM,%RH,37.541
8/31/20, 9:47:01 AM,%RH,29.477
8/31/20, 10:47:01 AM,%RH,24.397
8/31/20, 11:47:01 AM,%RH,23.159
8/31/20, 12:47:01 PM,%RH,26.432
8/31/20, 1:47:01 PM,%RH,23.049
8/31/20, 2:47:01 PM,%RH,21.531
8/31/20, 3:47:01 PM,%RH,23.738
8/31/20, 4:47:01 PM,%RH,37.044
8/31/20, 5:47:01 PM,%RH,46.479
8/31/20, 6:47:01 PM,%RH,59.771
8/31/20, 7:47:01 PM,%RH,74.729
8/31/20, 8:47:01 PM,%RH,88.812
8/31/20, 9:47:01 PM,%RH,105.263
8/31/20, 10:47:01 PM,%RH,107.647
8/31/20, 11:47:01 PM,%RH,109.703
9/1/20, 12:47:01 AM,%RH,110.065
9/1/20, 1:47:01 AM,%RH,110.741
9/1/20, 2:47:01 AM,%RH,110.741
9/1/20, 3:47:01 AM,%RH,111.176
9/1/20, 4:47:01 AM,%RH,111.094
9/1/20, 5:47:01 AM,%RH,111.015
9/1/20, 6:47:01 AM,%RH,112.162
9/1/20, 7:47:01 AM,%RH,84.65
9/1/20, 8:47:01 AM,%RH,47.065
9/1/20, 9:47:01 AM,%RH,36.665
9/1/20, 10:47:01 AM,%RH,31.579
9/1/20, 11:47:01 AM,%RH,28.45
9/1/20, 12:47:01 PM,%RH,32.258
9/1/20, 1:47:01 PM,%RH,28.392
9/1/20, 2:47:01 PM,%RH,25.568
9/1/20, 3:47:01 PM,%RH,35.771
9/1/20, 4:47:01 PM,%RH,38.806
9/1/20, 5:47:01 PM,%RH,47.753
9/1/20, 6:47:01 PM,%RH,56.816
9/1/20, 7:47:01 PM,%RH,72.485
9/1/20, 8:47:01 PM,%RH,84.581
9/1/20, 9:47:01 PM,%RH,99.961
9/1/20, 10:47:01 PM,%RH,105.929
9/1/20, 11:47:01 PM,%RH,108.9
9/2/20, 12:47:01 AM,%RH,109.703
9/2/20, 1:47:01 AM,%RH,111.015
9/2/20, 2:47:01 AM,%RH,111.228
9/2/20, 3:47:01 AM,%RH,111.228
9/2/20, 4:47:01 AM,%RH,111.228
9/2/20, 5:47:01 AM,%RH,111.592
9/2/20, 6:47:01 AM,%RH,112.091
9/2/20, 7:47:01 AM,%RH,60.417
9/2/20, 8:47:01 AM,%RH,38.311
9/2/20, 9:47:01 AM,%RH,25.568
9/2/20, 10:47:01 AM,%RH,22.563
9/2/20, 11:47:01 AM,%RH,21.909
9/2/20, 12:47:01 PM,%RH,17.471
9/2/20, 1:47:01 PM,%RH,22.454
9/2/20, 2:47:01 PM,%RH,29.08
9/2/20, 3:47:01 PM,%RH,39.139
9/2/20, 4:47:01 PM,%RH,46.585
9/2/20, 5:47:01 PM,%RH,50.859
9/2/20, 6:47:01 PM,%RH,58.037
9/2/20, 7:47:01 PM,%RH,67.382
9/2/20, 8:47:01 PM,%RH,81.912
9/2/20, 9:47:01 PM,%RH,90.896
9/2/20, 10:47:01 PM,%RH,93.458
9/2/20, 11:47:01 PM,%RH,92.947
9/3/20, 12:47:01 AM,%RH,97.989
9/3/20, 1:47:01 AM,%RH,93.968
9/3/20, 2:47:01 AM,%RH,96.937
9/3/20, 3:47:01 AM,%RH,101.146
9/3/20, 4:47:01 AM,%RH,104.395
9/3/20, 5:47:01 AM,%RH,102.469
9/3/20, 6:47:01 AM,%RH,98.146
9/3/20, 7:47:01 AM,%RH,56.249
9/3/20, 8:47:01 AM,%RH,38.367
9/3/20, 9:47:01 AM,%RH,28.508
9/3/20, 10:47:01 AM,%RH,23.974
9/3/20, 11:47:01 AM,%RH,23.381
9/3/20, 12:47:01 PM,%RH,25.379
9/3/20, 1:47:01 PM,%RH,22.783
9/3/20, 2:47:01 PM,%RH,26.604
9/3/20, 3:47:01 PM,%RH,37.388
9/3/20, 4:47:01 PM,%RH,44.296
9/3/20, 5:47:01 PM,%RH,45.469
9/3/20, 6:47:01 PM,%RH,53.356
9/3/20, 7:47:01 PM,%RH,71.502
9/3/20, 8:47:01 PM,%RH,78.69
9/3/20, 9:47:01 PM,%RH,84.093
9/3/20, 10:47:01 PM,%RH,85.664
9/3/20, 11:47:01 PM,%RH,86.727
9/4/20, 12:47:01 AM,%RH,91.42
9/4/20, 1:47:01 AM,%RH,86.183
9/4/20, 2:47:01 AM,%RH,90.371
9/4/20, 3:47:01 AM,%RH,84.544
9/4/20, 4:47:01 AM,%RH,85.081
9/4/20, 5:47:01 AM,%RH,80.197
9/4/20, 6:47:01 AM,%RH,67.108
9/4/20, 7:47:01 AM,%RH,40.119
9/4/20, 8:47:01 AM,%RH,27.363
9/4/20, 9:47:01 AM,%RH,19.058
9/4/20, 10:47:01 AM,%RH,16.571
9/4/20, 11:47:01 AM,%RH,17.299
9/4/20, 12:47:01 PM,%RH,18.75
9/4/20, 1:47:01 PM,%RH,17.299
9/4/20, 2:47:01 PM,%RH,18.494
9/4/20, 3:47:01 PM,%RH,22.939
9/4/20, 4:47:01 PM,%RH,26.898
9/4/20, 5:47:01 PM,%RH,36.116
9/4/20, 6:47:01 PM,%RH,40.992
9/4/20, 7:47:01 PM,%RH,54.401
9/4/20, 8:47:01 PM,%RH,57.993
9/4/20, 9:47:01 PM,%RH,62.136
9/4/20, 10:47:01 PM,%RH,63.253
9/4/20, 11:47:01 PM,%RH,63.29
9/5/20, 12:47:01 AM,%RH,50.616
9/5/20, 1:47:01 AM,%RH,50.525
9/5/20, 2:47:01 AM,%RH,50.438
9/5/20, 3:47:01 AM,%RH,51.651
9/5/20, 4:47:01 AM,%RH,51.61
9/5/20, 5:47:01 AM,%RH,49.134
9/5/20, 6:47:01 AM,%RH,44.161
9/5/20, 7:47:01 AM,%RH,26.508
9/5/20, 8:47:01 AM,%RH,18.29
9/5/20, 9:47:01 AM,%RH,13.824
9/5/20, 10:47:01 AM,%RH,11.251
9/5/20, 11:47:01 AM,%RH,9.209
9/5/20, 12:47:01 PM,%RH,9.143
9/5/20, 1:47:01 PM,%RH,9.401
9/5/20, 2:47:01 PM,%RH,8.974
9/5/20, 3:47:01 PM,%RH,9.908
9/5/20, 4:47:01 PM,%RH,13.37
9/5/20, 5:47:01 PM,%RH,12.502
9/5/20, 6:47:01 PM,%RH,16.298
9/5/20, 7:47:01 PM,%RH,26.343
9/5/20, 8:47:01 PM,%RH,29.03
9/5/20, 9:47:01 PM,%RH,24.162
9/5/20, 10:47:01 PM,%RH,26.181
9/5/20, 11:47:01 PM,%RH,26.707
9/6/20, 12:47:01 AM,%RH,26.073
9/6/20, 1:47:01 AM,%RH,28.6
9/6/20, 2:47:01 AM,%RH,27.97
9/6/20, 3:47:01 AM,%RH,29.281
9/6/20, 4:47:01 AM,%RH,27.339
9/6/20, 5:47:01 AM,%RH,27.339
9/6/20, 6:47:01 AM,%RH,27.339
9/6/20, 7:47:01 AM,%RH,17.931
9/6/20, 8:47:01 AM,%RH,14.147
9/6/20, 9:47:01 AM,%RH,10.937
9/6/20, 10:47:01 AM,%RH,8.31
9/6/20, 11:47:01 AM,%RH,7.779
9/6/20, 12:47:01 PM,%RH,6.944
9/6/20, 1:47:01 PM,%RH,6.112
9/6/20, 2:47:01 PM,%RH,7.512
9/6/20, 3:47:01 PM,%RH,9.323
9/6/20, 4:47:01 PM,%RH,9.99
9/6/20, 5:47:01 PM,%RH,11.862
9/6/20, 6:47:01 PM,%RH,15.164
9/6/20, 7:47:01 PM,%RH,19.642
9/6/20, 8:47:01 PM,%RH,24.216
9/6/20, 9:47:01 PM,%RH,21.698
9/6/20, 10:47:01 PM,%RH,21.484
9/6/20, 11:47:01 PM,%RH,16.145
9/7/20, 12:47:01 AM,%RH,16.145
9/7/20, 1:47:01 AM,%RH,22.773
9/7/20, 2:47:01 AM,%RH,24.694
9/7/20, 3:47:01 AM,%RH,29.228
9/7/20, 4:47:01 AM,%RH,29.176
9/7/20, 5:47:01 AM,%RH,29.803
9/7/20, 6:47:01 AM,%RH,30.43
9/7/20, 7:47:01 AM,%RH,20.89
9/7/20, 8:47:01 AM,%RH,15.115
9/7/20, 9:47:01 AM,%RH,12.997
9/7/20, 10:47:01 AM,%RH,8.041
9/7/20, 11:47:01 AM,%RH,8.905
9/7/20, 12:47:01 PM,%RH,9.626
9/7/20, 1:47:01 PM,%RH,10.228
9/7/20, 2:47:01 PM,%RH,25.322
9/7/20, 3:47:01 PM,%RH,31.253
9/7/20, 4:47:01 PM,%RH,33.729
9/7/20, 5:47:01 PM,%RH,41.342
9/7/20, 6:47:01 PM,%RH,51.126
9/7/20, 7:47:01 PM,%RH,68.244
9/7/20, 8:47:01 PM,%RH,79.911
9/7/20, 9:47:01 PM,%RH,84.697
9/7/20, 10:47:01 PM,%RH,95.556
9/7/20, 11:47:01 PM,%RH,99.488
9/8/20, 12:47:01 AM,%RH,106.171
9/8/20, 1:47:01 AM,%RH,109.854
9/8/20, 2:47:01 AM,%RH,111.217
9/8/20, 3:47:01 AM,%RH,111.658
9/8/20, 4:47:01 AM,%RH,112.105
9/8/20, 5:47:01 AM,%RH,112.105
9/8/20, 6:47:01 AM,%RH,111.658
9/8/20, 7:47:01 AM,%RH,109.855
9/8/20, 8:47:01 AM,%RH,103.835
9/8/20, 9:47:01 AM,%RH,91.078
9/8/20, 10:47:01 AM,%RH,50.788
9/8/20, 11:47:01 AM,%RH,43.42
9/8/20, 12:47:01 PM,%RH,44.069
9/8/20, 1:47:01 PM,%RH,40.337
9/8/20, 2:47:01 PM,%RH,44.654
9/8/20, 3:47:01 PM,%RH,48.257
9/8/20, 4:47:01 PM,%RH,53.737
9/8/20, 5:47:01 PM,%RH,61.399
9/8/20, 6:47:01 PM,%RH,72.801
9/8/20, 7:47:01 PM,%RH,87.877
9/8/20, 8:47:01 PM,%RH,103.812
9/8/20, 9:47:01 PM,%RH,105.7
9/8/20, 10:47:01 PM,%RH,108.033
9/8/20, 11:47:01 PM,%RH,87.761
9/9/20, 12:47:01 AM,%RH,39.289
9/9/20, 1:47:01 AM,%RH,23.31
9/9/20, 2:47:01 AM,%RH,18.464
9/9/20, 3:47:01 AM,%RH,16.451
9/9/20, 4:47:01 AM,%RH,16.451
9/9/20, 5:47:01 AM,%RH,17.05
9/9/20, 6:47:01 AM,%RH,20.357
9/9/20, 7:47:01 AM,%RH,17.922
9/9/20, 8:47:01 AM,%RH,13.427
9/9/20, 9:47:01 AM,%RH,12.303
9/9/20, 10:47:01 AM,%RH,11.059
9/9/20, 11:47:01 AM,%RH,9.256
9/9/20, 12:47:01 PM,%RH,7.964
9/9/20, 1:47:01 PM,%RH,8.051
9/9/20, 2:47:01 PM,%RH,8.051
9/9/20, 3:47:01 PM,%RH,9.704
9/9/20, 4:47:01 PM,%RH,14.458
9/9/20, 5:47:01 PM,%RH,23.308
9/9/20, 6:47:01 PM,%RH,31.833
9/9/20, 7:47:01 PM,%RH,41.949
9/9/20, 8:47:01 PM,%RH,45.705
9/9/20, 9:47:01 PM,%RH,41.007
9/9/20, 10:47:01 PM,%RH,48.31
9/9/20, 11:47:01 PM,%RH,34.418
9/10/20, 12:47:01 AM,%RH,30.996
9/10/20, 1:47:01 AM,%RH,30.316
9/10/20, 2:47:01 AM,%RH,30.316
9/10/20, 3:47:01 AM,%RH,34.799
9/10/20, 4:47:01 AM,%RH,32.898
9/10/20, 5:47:01 AM,%RH,33.656
9/10/20, 6:47:01 AM,%RH,34.217
9/10/20, 7:47:01 AM,%RH,29.146
9/10/20, 8:47:01 AM,%RH,24.696
9/10/20, 9:47:01 AM,%RH,20.303
9/10/20, 10:47:01 AM,%RH,14.964
9/10/20, 11:47:01 AM,%RH,12.405
9/10/20, 12:47:01 PM,%RH,12.505
9/10/20, 1:47:01 PM,%RH,11.059
9/10/20, 2:47:01 PM,%RH,11.783
9/10/20, 3:47:01 PM,%RH,15.016
9/10/20, 4:47:01 PM,%RH,20.356
9/10/20, 5:47:01 PM,%RH,31.629
9/10/20, 6:47:01 PM,%RH,48.299
9/10/20, 7:47:01 PM,%RH,53.761
9/10/20, 8:47:01 PM,%RH,44.984
9/10/20, 9:47:01 PM,%RH,43.909
9/10/20, 10:47:01 PM,%RH,35.713
9/10/20, 11:47:01 PM,%RH,33.027
9/11/20, 12:47:01 AM,%RH,36.61
9/11/20, 1:47:01 AM,%RH,32.937
9/11/20, 2:47:01 AM,%RH,32.261
9/11/20, 3:47:01 AM,%RH,31.573
9/11/20, 4:47:01 AM,%RH,28.903
9/11/20, 5:47:01 AM,%RH,30.091
9/11/20, 6:47:01 AM,%RH,28.828
9/11/20, 7:47:01 AM,%RH,23.688
9/11/20, 8:47:01 AM,%RH,17.324
9/11/20, 9:47:01 AM,%RH,13.689
9/11/20, 10:47:01 AM,%RH,10.624
9/11/20, 11:47:01 AM,%RH,8.875
9/11/20, 12:47:01 PM,%RH,8.875
9/11/20, 1:47:01 PM,%RH,8.218
9/11/20, 2:47:01 PM,%RH,9.941
9/11/20, 3:47:01 PM,%RH,15.43
9/11/20, 4:47:01 PM,%RH,18.619
9/11/20, 5:47:01 PM,%RH,24.587
9/11/20, 6:47:01 PM,%RH,31.73
9/11/20, 7:47:01 PM,%RH,42.515
9/11/20, 8:47:01 PM,%RH,47.55
9/11/20, 9:47:01 PM,%RH,39.775
9/11/20, 10:47:01 PM,%RH,37.71
9/11/20, 11:47:01 PM,%RH,38.953
9/12/20, 12:47:01 AM,%RH,37.487
9/12/20, 1:47:01 AM,%RH,33.656
9/12/20, 2:47:01 AM,%RH,32.261
9/12/20, 3:47:01 AM,%RH,34.649
9/12/20, 4:47:01 AM,%RH,32.823
9/12/20, 5:47:01 AM,%RH,29.586
9/12/20, 6:47:01 AM,%RH,31.583
9/12/20, 7:47:01 AM,%RH,27.728
9/12/20, 8:47:01 AM,%RH,20.681
9/12/20, 9:47:01 AM,%RH,16.335
9/12/20, 10:47:01 AM,%RH,13.226
9/12/20, 11:47:01 AM,%RH,11.541
9/12/20, 12:47:01 PM,%RH,9.525
9/12/20, 1:47:01 PM,%RH,10.216
9/12/20, 2:47:01 PM,%RH,11.446
9/12/20, 3:47:01 PM,%RH,15.43
9/12/20, 4:47:01 PM,%RH,25.6
9/12/20, 5:47:01 PM,%RH,23.254
9/12/20, 6:47:01 PM,%RH,37.541
9/12/20, 7:47:01 PM,%RH,51.42
9/12/20, 8:47:01 PM,%RH,56.914
9/12/20, 9:47:01 PM,%RH,43.771
9/12/20, 10:47:01 PM,%RH,46.162
9/12/20, 11:47:01 PM,%RH,40.967
9/13/20, 12:47:01 AM,%RH,40.929
9/13/20, 1:47:01 AM,%RH,37.668
9/13/20, 2:47:01 AM,%RH,35.67
9/13/20, 3:47:01 AM,%RH,36.38
9/13/20, 4:47:01 AM,%RH,35.044
9/13/20, 5:47:01 AM,%RH,34.285
9/13/20, 6:47:01 AM,%RH,36.184
9/13/20, 7:47:01 AM,%RH,26.179
9/13/20, 8:47:01 AM,%RH,19.111
9/13/20, 9:47:01 AM,%RH,14.714
9/13/20, 10:47:01 AM,%RH,11.587
9/13/20, 11:47:01 AM,%RH,11.68
9/13/20, 12:47:01 PM,%RH,13.768
9/13/20, 1:47:01 PM,%RH,12.456
9/13/20, 2:47:01 PM,%RH,15.065
9/13/20, 3:47:01 PM,%RH,19.8
9/13/20, 4:47:01 PM,%RH,27.086
9/13/20, 5:47:01 PM,%RH,30.12
9/13/20, 6:47:01 PM,%RH,37.074
9/13/20, 7:47:01 PM,%RH,52.047
9/13/20, 8:47:01 PM,%RH,56.943
9/13/20, 9:47:01 PM,%RH,59.332
9/13/20, 10:47:01 PM,%RH,53.852
9/13/20, 11:47:01 PM,%RH,51.946
9/14/20, 12:47:01 AM,%RH,56.199
9/14/20, 1:47:01 AM,%RH,55.518
9/14/20, 2:47:01 AM,%RH,46.839
9/14/20, 3:47:01 AM,%RH,43.615
9/14/20, 4:47:01 AM,%RH,42.353
9/14/20, 5:47:01 AM,%RH,45.518
9/14/20, 6:47:01 AM,%RH,42.314
9/14/20, 7:47:01 AM,%RH,30.276
9/14/20, 8:47:01 AM,%RH,20.677
9/14/20, 9:47:01 AM,%RH,15.633
9/14/20, 10:47:01 AM,%RH,13.231
9/14/20, 11:47:01 AM,%RH,13.231
9/14/20, 12:47:01 PM,%RH,12.548
9/14/20, 1:47:01 PM,%RH,13.324
9/14/20, 2:47:01 PM,%RH,13.137
9/14/20, 3:47:01 PM,%RH,17.828
9/14/20, 4:47:01 PM,%RH,20.453
9/14/20, 5:47:01 PM,%RH,24.963
9/14/20, 6:47:01 PM,%RH,28.6
9/14/20, 7:47:01 PM,%RH,38.766
9/14/20, 8:47:01 PM,%RH,41.864
9/14/20, 9:47:01 PM,%RH,36.074
9/14/20, 10:47:01 PM,%RH,36.646
9/14/20, 11:47:01 PM,%RH,35.361
9/15/20, 12:47:01 AM,%RH,37.882
9/15/20, 1:47:01 AM,%RH,37.838
9/15/20, 2:47:01 AM,%RH,42.89
9/15/20, 3:47:01 AM,%RH,39.075
9/15/20, 4:47:01 AM,%RH,37.752
9/15/20, 5:47:01 AM,%RH,38.373
9/15/20, 6:47:01 AM,%RH,42.238
9/15/20, 7:47:01 AM,%RH,30.753
9/15/20, 8:47:01 AM,%RH,22.505
9/15/20, 9:47:01 AM,%RH,17.466
9/15/20, 10:47:01 AM,%RH,13.768
9/15/20, 11:47:01 AM,%RH,12.685
9/15/20, 12:47:01 PM,%RH,11.951
9/15/20, 1:47:01 PM,%RH,13.278
9/15/20, 2:47:01 PM,%RH,11.634
9/15/20, 3:47:01 PM,%RH,14.866
9/15/20, 4:47:01 PM,%RH,16.094
9/15/20, 5:47:01 PM,%RH,24.162
9/15/20, 6:47:01 PM,%RH,31.21
9/15/20, 7:47:01 PM,%RH,43.205
9/15/20, 8:47:01 PM,%RH,51.385
9/15/20, 9:47:01 PM,%RH,52.605
9/15/20, 10:47:01 PM,%RH,43.082
9/15/20, 11:47:01 PM,%RH,41.701
9/16/20, 12:47:01 AM,%RH,44.263
9/16/20, 1:47:01 AM,%RH,44.226
9/16/20, 2:47:01 AM,%RH,44.226
9/16/20, 3:47:01 AM,%RH,44.226
9/16/20, 4:47:01 AM,%RH,46.356
9/16/20, 5:47:01 AM,%RH,46.433
9/16/20, 6:47:01 AM,%RH,42.238
9/16/20, 7:47:01 AM,%RH,29.495
9/16/20, 8:47:01 AM,%RH,19.218
9/16/20, 9:47:01 AM,%RH,14.196
9/16/20, 10:47:01 AM,%RH,10.479
9/16/20, 11:47:01 AM,%RH,9.867
9/16/20, 12:47:01 PM,%RH,9.284
9/16/20, 1:47:01 PM,%RH,10.479
9/16/20, 2:47:01 PM,%RH,10.349
9/16/20, 3:47:01 PM,%RH,12.029
9/16/20, 4:47:01 PM,%RH,13.946
9/16/20, 5:47:01 PM,%RH,16.494
9/16/20, 6:47:01 PM,%RH,19.547
9/16/20, 7:47:01 PM,%RH,29.445
9/16/20, 8:47:01 PM,%RH,37.264
9/16/20, 9:47:01 PM,%RH,31.234
9/16/20, 10:47:01 PM,%RH,30.46
9/16/20, 11:47:01 PM,%RH,32.352
9/17/20, 12:47:01 AM,%RH,31.675
9/17/20, 1:47:01 AM,%RH,31.675
9/17/20, 2:47:01 AM,%RH,33.612
9/17/20, 3:47:01 AM,%RH,32.306
9/17/20, 4:47:01 AM,%RH,30.364
9/17/20, 5:47:01 AM,%RH,31.629
9/17/20, 6:47:01 AM,%RH,30.269
9/17/20, 7:47:01 AM,%RH,24.434
9/17/20, 8:47:01 AM,%RH,14.354
9/17/20, 9:47:01 AM,%RH,11.351
9/17/20, 10:47:01 AM,%RH,10.671
9/17/20, 11:47:01 AM,%RH,6.732
9/17/20, 12:47:01 PM,%RH,4.741
9/17/20, 1:47:01 PM,%RH,5.986
9/17/20, 2:47:01 PM,%RH,7.353
9/17/20, 3:47:01 PM,%RH,9.847
9/17/20, 4:47:01 PM,%RH,10.383
9/17/20, 5:47:01 PM,%RH,13.125
9/17/20, 6:47:01 PM,%RH,17.432
9/17/20, 7:47:01 PM,%RH,26.023
9/17/20, 8:47:01 PM,%RH,28.03
9/17/20, 9:47:01 PM,%RH,25.817
9/17/20, 10:47:01 PM,%RH,24.382
9/17/20, 11:47:01 PM,%RH,25.074
9/18/20, 12:47:01 AM,%RH,25.074
9/18/20, 1:47:01 AM,%RH,25.126
9/18/20, 2:47:01 AM,%RH,27.678
9/18/20, 3:47:01 AM,%RH,30.412
9/18/20, 4:47:01 AM,%RH,32.538
9/18/20, 5:47:01 AM,%RH,35.757
9/18/20, 6:47:01 AM,%RH,33.212
9/18/20, 7:47:01 AM,%RH,21.808
9/18/20, 8:47:01 AM,%RH,20.41
9/18/20, 9:47:01 AM,%RH,13.911
9/18/20, 10:47:01 AM,%RH,13.137
9/18/20, 11:47:01 AM,%RH,8.498
9/18/20, 12:47:01 PM,%RH,6.249
9/18/20, 1:47:01 PM,%RH,8.38
9/18/20, 2:47:01 PM,%RH,10.305
9/18/20, 3:47:01 PM,%RH,13.426
9/18/20, 4:47:01 PM,%RH,15.328
9/18/20, 5:47:01 PM,%RH,19.536
9/18/20, 6:47:01 PM,%RH,28.706
9/18/20, 7:47:01 PM,%RH,38.444
9/18/20, 8:47:01 PM,%RH,47.23
9/18/20, 9:47:01 PM,%RH,54.025
9/18/20, 10:47:01 PM,%RH,53.331
9/18/20, 11:47:01 PM,%RH,48.896
9/19/20, 12:47:01 AM,%RH,48.823
9/19/20, 1:47:01 AM,%RH,47.025
9/19/20, 2:47:01 AM,%RH,52.572
9/19/20, 3:47:01 AM,%RH,53.197
9/19/20, 4:47:01 AM,%RH,62.405
9/19/20, 5:47:01 AM,%RH,58.87
9/19/20, 6:47:01 AM,%RH,61.289
9/19/20, 7:47:01 AM,%RH,40.013
9/19/20, 8:47:01 AM,%RH,29.877
9/19/20, 9:47:01 AM,%RH,22.885
9/19/20, 10:47:01 AM,%RH,14.97
9/19/20, 11:47:01 AM,%RH,10.565
9/19/20, 12:47:01 PM,%RH,11.26
9/19/20, 1:47:01 PM,%RH,11.996
9/19/20, 2:47:01 PM,%RH,15.934
9/19/20, 3:47:01 PM,%RH,22.505
9/19/20, 4:47:01 PM,%RH,22.29
9/19/20, 5:47:01 PM,%RH,31.527
9/19/20, 6:47:01 PM,%RH,37.175
9/19/20, 7:47:01 PM,%RH,48.377
9/19/20, 8:47:01 PM,%RH,55.681
9/19/20, 9:47:01 PM,%RH,59.864
9/19/20, 10:47:01 PM,%RH,55.033
9/19/20, 11:47:01 PM,%RH,53.166
9/20/20, 12:47:01 AM,%RH,48.788
9/20/20, 1:47:01 AM,%RH,48.117
9/20/20, 2:47:01 AM,%RH,48.688
9/20/20, 3:47:01 AM,%RH,47.686
9/20/20, 4:47:01 AM,%RH,45.097
9/20/20, 5:47:01 AM,%RH,52.181
9/20/20, 6:47:01 AM,%RH,47.457
9/20/20, 7:47:01 AM,%RH,25.807
9/20/20, 8:47:01 AM,%RH,20.134
9/20/20, 9:47:01 AM,%RH,13.574
9/20/20, 10:47:01 AM,%RH,11.951
9/20/20, 11:47:01 AM,%RH,11.303
9/20/20, 12:47:01 PM,%RH,10.607
9/20/20, 1:47:01 PM,%RH,9.825
9/20/20, 2:47:01 PM,%RH,9.392
9/20/20, 3:47:01 PM,%RH,19.589
9/20/20, 4:47:01 PM,%RH,23.576
9/20/20, 5:47:01 PM,%RH,40.173
9/20/20, 6:47:01 PM,%RH,56.816
9/20/20, 7:47:01 PM,%RH,71.287
9/20/20, 8:47:01 PM,%RH,86.151
9/20/20, 9:47:01 PM,%RH,85.617
9/20/20, 10:47:01 PM,%RH,74.017
9/20/20, 11:47:01 PM,%RH,69.718
9/21/20, 12:47:01 AM,%RH,69.071
9/21/20, 1:47:01 AM,%RH,57.401
9/21/20, 2:47:01 AM,%RH,54.913
9/21/20, 3:47:01 AM,%RH,50.018
9/21/20, 4:47:01 AM,%RH,48.703
9/21/20, 5:47:01 AM,%RH,47.382
9/21/20, 6:47:01 AM,%RH,45.427
9/21/20, 7:47:01 AM,%RH,24.268
9/21/20, 8:47:01 AM,%RH,15.782
9/21/20, 9:47:01 AM,%RH,11.399
9/21/20, 10:47:01 AM,%RH,9.569
9/21/20, 11:47:01 AM,%RH,13.816
9/21/20, 12:47:01 PM,%RH,15.36
9/21/20, 1:47:01 PM,%RH,14.636
9/21/20, 2:47:01 PM,%RH,15.065
9/21/20, 3:47:01 PM,%RH,18.777
9/21/20, 4:47:01 PM,%RH,25.654
9/21/20, 5:47:01 PM,%RH,40.173
9/21/20, 6:47:01 PM,%RH,57.993
9/21/20, 7:47:01 PM,%RH,72.458
9/21/20, 8:47:01 PM,%RH,86.163
9/21/20, 9:47:01 PM,%RH,89.844
9/21/20, 10:47:01 PM,%RH,94.006
9/21/20, 11:47:01 PM,%RH,98.944
9/22/20, 12:47:01 AM,%RH,84.869
9/22/20, 1:47:01 AM,%RH,84.189
9/22/20, 2:47:01 AM,%RH,79.266
9/22/20, 3:47:01 AM,%RH,70.048
9/22/20, 4:47:01 AM,%RH,65.558
9/22/20, 5:47:01 AM,%RH,64.904
9/22/20, 6:47:01 AM,%RH,61.916
9/22/20, 7:47:01 AM,%RH,35.798
9/22/20, 8:47:01 AM,%RH,24.855
9/22/20, 9:47:01 AM,%RH,17.115
9/22/20, 10:47:01 AM,%RH,13.911
9/22/20, 11:47:01 AM,%RH,10.522
9/22/20, 12:47:01 PM,%RH,15.983
9/22/20, 1:47:01 PM,%RH,18.239
9/22/20, 2:47:01 PM,%RH,22.776
9/22/20, 3:47:01 PM,%RH,28.512
9/22/20, 4:47:01 PM,%RH,29.767
9/22/20, 5:47:01 PM,%RH,40.119
9/22/20, 6:47:01 PM,%RH,39.659
9/22/20, 7:47:01 PM,%RH,57.684
9/22/20, 8:47:01 PM,%RH,73.49
9/22/20, 9:47:01 PM,%RH,71.165
9/22/20, 10:47:01 PM,%RH,70.588
9/22/20, 11:47:01 PM,%RH,67.675
9/23/20, 12:47:01 AM,%RH,61.754
9/23/20, 1:47:01 AM,%RH,58.75
9/23/20, 2:47:01 AM,%RH,61.636
9/23/20, 3:47:01 AM,%RH,63.315
9/23/20, 4:47:01 AM,%RH,59.785
9/23/20, 5:47:01 AM,%RH,59.192
9/23/20, 6:47:01 AM,%RH,64.324
9/23/20, 7:47:01 AM,%RH,38.394
9/23/20, 8:47:01 AM,%RH,26.922
9/23/20, 9:47:01 AM,%RH,19.302
9/23/20, 10:47:01 AM,%RH,15.506
9/23/20, 11:47:01 AM,%RH,14.828
9/23/20, 12:47:01 PM,%RH,14.732
9/23/20, 1:47:01 PM,%RH,15.983
9/23/20, 2:47:01 PM,%RH,18.436
9/23/20, 3:47:01 PM,%RH,25.017
9/23/20, 4:47:01 PM,%RH,24.855
9/23/20, 5:47:01 PM,%RH,26.654
9/23/20, 6:47:01 PM,%RH,28.39
9/23/20, 7:47:01 PM,%RH,38.631
9/23/20, 8:47:01 PM,%RH,46.27
9/23/20, 9:47:01 PM,%RH,46.875
9/23/20, 10:47:01 PM,%RH,49.959
9/23/20, 11:47:01 PM,%RH,49.959
9/24/20, 12:47:01 AM,%RH,48.932
9/24/20, 1:47:01 AM,%RH,50.094
9/24/20, 2:47:01 AM,%RH,51.866
9/24/20, 3:47:01 AM,%RH,53.014
9/24/20, 4:47:01 AM,%RH,54.763
9/24/20, 5:47:01 AM,%RH,54.689
9/24/20, 6:47:01 AM,%RH,54.156
9/24/20, 7:47:01 AM,%RH,31.106
9/24/20, 8:47:01 AM,%RH,22.827
9/24/20, 9:47:01 AM,%RH,17.88
9/24/20, 10:47:01 AM,%RH,12.594
9/24/20, 11:47:01 AM,%RH,12.73
9/24/20, 12:47:01 PM,%RH,13.959
9/24/20, 1:47:01 PM,%RH,11.862
9/24/20, 2:47:01 PM,%RH,15.015
9/24/20, 3:47:01 PM,%RH,17.518
9/24/20, 4:47:01 PM,%RH,25.654
9/24/20, 5:47:01 PM,%RH,33.439
9/24/20, 6:47:01 PM,%RH,41.015
9/24/20, 7:47:01 PM,%RH,50.865
9/24/20, 8:47:01 PM,%RH,55.775
9/24/20, 9:47:01 PM,%RH,61.176
9/24/20, 10:47:01 PM,%RH,58.697
9/24/20, 11:47:01 PM,%RH,60.522
9/25/20, 12:47:01 AM,%RH,50.023
9/25/20, 1:47:01 AM,%RH,49.324
9/25/20, 2:47:01 AM,%RH,47.06
9/25/20, 3:47:01 AM,%RH,43.909
9/25/20, 4:47:01 AM,%RH,44.389
9/25/20, 5:47:01 AM,%RH,46.13
9/25/20, 6:47:01 AM,%RH,45.501
9/25/20, 7:47:01 AM,%RH,26.389
9/25/20, 8:47:01 AM,%RH,19.324
9/25/20, 9:47:01 AM,%RH,16.4
9/25/20, 10:47:01 AM,%RH,15.213
9/25/20, 11:47:01 AM,%RH,17.319
9/25/20, 12:47:01 PM,%RH,15.983
9/25/20, 1:47:01 PM,%RH,16.652
9/25/20, 2:47:01 PM,%RH,21.157
9/25/20, 3:47:01 PM,%RH,29.711
9/25/20, 4:47:01 PM,%RH,38.202
9/25/20, 5:47:01 PM,%RH,45.147
9/25/20, 6:47:01 PM,%RH,52.403
9/25/20, 7:47:01 PM,%RH,69.612
9/25/20, 8:47:01 PM,%RH,82.421
9/25/20, 9:47:01 PM,%RH,87.214
9/25/20, 10:47:01 PM,%RH,89.844
9/25/20, 11:47:01 PM,%RH,82.851
9/26/20, 12:47:01 AM,%RH,88.483
9/26/20, 1:47:01 AM,%RH,85.39
9/26/20, 2:47:01 AM,%RH,84.712
9/26/20, 3:47:01 AM,%RH,91.785
9/26/20, 4:47:01 AM,%RH,88.685
9/26/20, 5:47:01 AM,%RH,88.035
9/26/20, 6:47:01 AM,%RH,93.132
9/26/20, 7:47:01 AM,%RH,55.417
9/26/20, 8:47:01 AM,%RH,39.41
9/26/20, 9:47:01 AM,%RH,30.727
9/26/20, 10:47:01 AM,%RH,25.456
9/26/20, 11:47:01 AM,%RH,23.476
9/26/20, 12:47:01 PM,%RH,24.397
9/26/20, 1:47:01 PM,%RH,26.375
9/26/20, 2:47:01 PM,%RH,33.376
9/26/20, 3:47:01 PM,%RH,41.533
9/26/20, 4:47:01 PM,%RH,45.305
9/26/20, 5:47:01 PM,%RH,51.435
9/26/20, 6:47:01 PM,%RH,64.555
9/26/20, 7:47:01 PM,%RH,74.189
9/26/20, 8:47:01 PM,%RH,86.703
9/26/20, 9:47:01 PM,%RH,87.224
9/26/20, 10:47:01 PM,%RH,92.95
9/26/20, 11:47:01 PM,%RH,95.997
9/27/20, 12:47:01 AM,%RH,93.099
9/27/20, 1:47:01 AM,%RH,89.584
9/27/20, 2:47:01 AM,%RH,79.572
9/27/20, 3:47:01 AM,%RH,85.91
9/27/20, 4:47:01 AM,%RH,85.233
9/27/20, 5:47:01 AM,%RH,82.536
9/27/20, 6:47:01 AM,%RH,78.877
9/27/20, 7:47:01 AM,%RH,63.15
9/27/20, 8:47:01 AM,%RH,41.917
9/27/20, 9:47:01 AM,%RH,30.046
9/27/20, 10:47:01 AM,%RH,26.432
9/27/20, 11:47:01 AM,%RH,24.621
9/27/20, 12:47:01 PM,%RH,19.878
9/27/20, 1:47:01 PM,%RH,25.209
9/27/20, 2:47:01 PM,%RH,35.566
9/27/20, 3:47:01 PM,%RH,39.971
9/27/20, 4:47:01 PM,%RH,45.583
9/27/20, 5:47:01 PM,%RH,54.699
9/27/20, 6:47:01 PM,%RH,68.657
9/27/20, 7:47:01 PM,%RH,88.34
9/27/20, 8:47:01 PM,%RH,98.482
9/27/20, 9:47:01 PM,%RH,108.494
9/27/20, 10:47:01 PM,%RH,111.251
9/27/20, 11:47:01 PM,%RH,109.865
9/28/20, 12:47:01 AM,%RH,109.95
9/28/20, 1:47:01 AM,%RH,112.167
9/28/20, 2:47:01 AM,%RH,110.658
9/28/20, 3:47:01 AM,%RH,111.015
9/28/20, 4:47:01 AM,%RH,110.938
9/28/20, 5:47:01 AM,%RH,77.961
9/28/20, 6:47:01 AM,%RH,65.909
9/28/20, 7:47:01 AM,%RH,35.444
9/28/20, 8:47:01 AM,%RH,19.8
9/28/20, 9:47:01 AM,%RH,11.216
9/28/20, 10:47:01 AM,%RH,9.656
9/28/20, 11:47:01 AM,%RH,9.656
9/28/20, 12:47:01 PM,%RH,7.75
9/28/20, 1:47:01 PM,%RH,8.218
9/28/20, 2:47:01 PM,%RH,8.745
9/28/20, 3:47:01 PM,%RH,10.624
9/28/20, 4:47:01 PM,%RH,23.956
9/28/20, 5:47:01 PM,%RH,38.423
9/28/20, 6:47:01 PM,%RH,56.296
9/28/20, 7:47:01 PM,%RH,63.253
9/28/20, 8:47:01 PM,%RH,55.417
9/28/20, 9:47:01 PM,%RH,35.032
9/28/20, 10:47:01 PM,%RH,28.183
9/28/20, 11:47:01 PM,%RH,24.056
9/29/20, 12:47:01 AM,%RH,22.615
9/29/20, 1:47:01 AM,%RH,20.573
9/29/20, 2:47:01 AM,%RH,21.918
9/29/20, 3:47:01 AM,%RH,21.811
9/29/20, 4:47:01 AM,%RH,20.465
9/29/20, 5:47:01 AM,%RH,21.058
9/29/20, 6:47:01 AM,%RH,23.098
9/29/20, 7:47:01 AM,%RH,15.677
9/29/20, 8:47:01 AM,%RH,11.303
9/29/20, 9:47:01 AM,%RH,8.875
9/29/20, 10:47:01 AM,%RH,7.073
9/29/20, 11:47:01 AM,%RH,6.39
9/29/20, 12:47:01 PM,%RH,5.599
9/29/20, 1:47:01 PM,%RH,6.355
9/29/20, 2:47:01 PM,%RH,6.528
9/29/20, 3:47:01 PM,%RH,9.256
9/29/20, 4:47:01 PM,%RH,21.859
9/29/20, 5:47:01 PM,%RH,20.943
9/29/20, 6:47:01 PM,%RH,27.286
9/29/20, 7:47:01 PM,%RH,33.127
9/29/20, 8:47:01 PM,%RH,26.97
9/29/20, 9:47:01 PM,%RH,23.575
9/29/20, 10:47:01 PM,%RH,24.268
9/29/20, 11:47:01 PM,%RH,24.268
9/30/20, 12:47:01 AM,%RH,24.215
9/30/20, 1:47:01 AM,%RH,23.522
9/30/20, 2:47:01 AM,%RH,22.828
9/30/20, 3:47:01 AM,%RH,24.109
9/30/20, 4:47:01 AM,%RH,22.238
9/30/20, 5:47:01 AM,%RH,23.575
9/30/20, 6:47:01 AM,%RH,24.109
9/30/20, 7:47:01 AM,%RH,16.755
9/30/20, 8:47:01 AM,%RH,12.363
9/30/20, 9:47:01 AM,%RH,10.649
9/30/20, 10:47:01 AM,%RH,9.284
9/30/20, 11:47:01 AM,%RH,10.03
9/30/20, 12:47:01 PM,%RH,8.65
9/30/20, 1:47:01 PM,%RH,9.908
9/30/20, 2:47:01 PM,%RH,11.771
9/30/20, 3:47:01 PM,%RH,11.541
9/30/20, 4:47:01 PM,%RH,12.126
9/30/20, 5:47:01 PM,%RH,15.481
9/30/20, 6:47:01 PM,%RH,17.466
9/30/20, 7:47:01 PM,%RH,15.99
9/30/20, 8:47:01 PM,%RH,15.328
9/30/20, 9:47:01 PM,%RH,15.225
9/30/20, 10:47:01 PM,%RH,17.151
9/30/20, 11:47:01 PM,%RH,17.045
10/1/20, 12:47:01 AM,%RH,21.541
10/1/20, 1:47:01 AM,%RH,21.541
10/1/20, 2:47:01 AM,%RH,23.522
10/1/20, 3:47:01 AM,%RH,25.438
10/1/20, 4:47:01 AM,%RH,28.03
10/1/20, 5:47:01 AM,%RH,32.007
10/1/20, 6:47:01 AM,%RH,31.959
10/1/20, 7:47:01 AM,%RH,18.407
10/1/20, 8:47:01 AM,%RH,13.574
10/1/20, 9:47:01 AM,%RH,11.26
10/1/20, 10:47:01 AM,%RH,9.401
10/1/20, 11:47:01 AM,%RH,7.215
10/1/20, 12:47:01 PM,%RH,6.355
10/1/20, 1:47:01 PM,%RH,6.249
10/1/20, 2:47:01 PM,%RH,5.907
10/1/20, 3:47:01 PM,%RH,7.139
10/1/20, 4:47:01 PM,%RH,6.357
10/1/20, 5:47:01 PM,%RH,17.57
10/1/20, 6:47:01 PM,%RH,24.055
10/1/20, 7:47:01 PM,%RH,33.025
10/1/20, 8:47:01 PM,%RH,22.881
10/1/20, 9:47:01 PM,%RH,18.897
10/1/20, 10:47:01 PM,%RH,18.79
10/1/20, 11:47:01 PM,%RH,20.142
10/2/20, 12:47:01 AM,%RH,19.332
10/2/20, 1:47:01 AM,%RH,17.976
10/2/20, 2:47:01 AM,%RH,17.324
10/2/20, 3:47:01 AM,%RH,16.67
10/2/20, 4:47:01 AM,%RH,16.615
10/2/20, 5:47:01 AM,%RH,17.867
10/2/20, 6:47:01 AM,%RH,23.045
10/2/20, 7:47:01 AM,%RH,15.624
10/2/20, 8:47:01 AM,%RH,11.255
10/2/20, 9:47:01 AM,%RH,9.001
10/2/20, 10:47:01 AM,%RH,7.215
10/2/20, 11:47:01 AM,%RH,6.589
10/2/20, 12:47:01 PM,%RH,6.424
10/2/20, 1:47:01 PM,%RH,6.458
10/2/20, 2:47:01 PM,%RH,5.947
10/2/20, 3:47:01 PM,%RH,15.115
10/2/20, 4:47:01 PM,%RH,18.436
10/2/20, 5:47:01 PM,%RH,22.988
10/2/20, 6:47:01 PM,%RH,17.912
10/2/20, 7:47:01 PM,%RH,19.218
10/2/20, 8:47:01 PM,%RH,20.41
10/2/20, 9:47:01 PM,%RH,18.844
10/2/20, 10:47:01 PM,%RH,14.196
10/2/20, 11:47:01 PM,%RH,14.09
10/3/20, 12:47:01 AM,%RH,16.014
10/3/20, 1:47:01 AM,%RH,18.736
10/3/20, 2:47:01 AM,%RH,23.951
10/3/20, 3:47:01 AM,%RH,29.195
10/3/20, 4:47:01 AM,%RH,29.828
10/3/20, 5:47:01 AM,%RH,28.413
10/3/20, 6:47:01 AM,%RH,32.398
10/3/20, 7:47:01 AM,%RH,21.056
10/3/20, 8:47:01 AM,%RH,14.714
10/3/20, 9:47:01 AM,%RH,10.994
10/3/20, 10:47:01 AM,%RH,8.613
10/3/20, 11:47:01 AM,%RH,8.041
10/3/20, 12:47:01 PM,%RH,7.899
10/3/20, 1:47:01 PM,%RH,8.575
10/3/20, 2:47:01 PM,%RH,11.68
10/3/20, 3:47:01 PM,%RH,20.665
10/3/20, 4:47:01 PM,%RH,22.559
10/3/20, 5:47:01 PM,%RH,27.717
10/3/20, 6:47:01 PM,%RH,36.512
10/3/20, 7:47:01 PM,%RH,48.544
10/3/20, 8:47:01 PM,%RH,52.157
10/3/20, 9:47:01 PM,%RH,52.119
10/3/20, 10:47:01 PM,%RH,55.158
10/3/20, 11:47:01 PM,%RH,52.012
10/4/20, 12:47:01 AM,%RH,43.731
10/4/20, 1:47:01 AM,%RH,46.839
10/4/20, 2:47:01 AM,%RH,43.615
10/4/20, 3:47:01 AM,%RH,40.432
10/4/20, 4:47:01 AM,%RH,38.457
10/4/20, 5:47:01 AM,%RH,34.508
10/4/20, 6:47:01 AM,%RH,38.993
10/4/20, 7:47:01 AM,%RH,28.286
10/4/20, 8:47:01 AM,%RH,17.965
10/4/20, 9:47:01 AM,%RH,13.525
10/4/20, 10:47:01 AM,%RH,11.907
10/4/20, 11:47:01 AM,%RH,11.389
10/4/20, 12:47:01 PM,%RH,13.462
10/4/20, 1:47:01 PM,%RH,11.26
10/4/20, 2:47:01 PM,%RH,12.947
10/4/20, 3:47:01 PM,%RH,14.866
10/4/20, 4:47:01 PM,%RH,17.518
10/4/20, 5:47:01 PM,%RH,25.492
10/4/20, 6:47:01 PM,%RH,27.864
10/4/20, 7:47:01 PM,%RH,35.408
10/4/20, 8:47:01 PM,%RH,36.692
10/4/20, 9:47:01 PM,%RH,34.024
10/4/20, 10:47:01 PM,%RH,33.401
10/4/20, 11:47:01 PM,%RH,35.315
10/5/20, 12:47:01 AM,%RH,37.22
10/5/20, 1:47:01 AM,%RH,38.543
10/5/20, 2:47:01 AM,%RH,41.128
10/5/20, 3:47:01 AM,%RH,39.202
10/5/20, 4:47:01 AM,%RH,39.775
10/5/20, 5:47:01 AM,%RH,42.314
10/5/20, 6:47:01 AM,%RH,41.007
10/5/20, 7:47:01 AM,%RH,32.104
10/5/20, 8:47:01 AM,%RH,20.623
10/5/20, 9:47:01 AM,%RH,14.916
10/5/20, 10:47:01 AM,%RH,14.966
10/5/20, 11:47:01 AM,%RH,14.966
10/5/20, 12:47:01 PM,%RH,9.867
10/5/20, 1:47:01 PM,%RH,9.656
10/5/20, 2:47:01 PM,%RH,12.126
10/5/20, 3:47:01 PM,%RH,12.077
10/5/20, 4:47:01 PM,%RH,18.123
10/5/20, 5:47:01 PM,%RH,23.361
10/5/20, 6:47:01 PM,%RH,28.39
10/5/20, 7:47:01 PM,%RH,37.4
10/5/20, 8:47:01 PM,%RH,41.74
10/5/20, 9:47:01 PM,%RH,41.128
10/5/20, 10:47:01 PM,%RH,41.047
10/5/20, 11:47:01 PM,%RH,39.775
10/6/20, 12:47:01 AM,%RH,40.391
10/6/20, 1:47:01 AM,%RH,42.353
10/6/20, 2:47:01 AM,%RH,42.353
10/6/20, 3:47:01 AM,%RH,47.06
10/6/20, 4:47:01 AM,%RH,45.483
10/6/20, 5:47:01 AM,%RH,43.541
10/6/20, 6:47:01 AM,%RH,45.097
10/6/20, 7:47:01 AM,%RH,33.212
10/6/20, 8:47:01 AM,%RH,25.543
10/6/20, 9:47:01 AM,%RH,16.042
10/6/20, 10:47:01 AM,%RH,15.328
10/6/20, 11:47:01 AM,%RH,11.039
10/6/20, 12:47:01 PM,%RH,10.436
10/6/20, 1:47:01 PM,%RH,9.613
10/6/20, 2:47:01 PM,%RH,14.612
10/6/20, 3:47:01 PM,%RH,16.806
10/6/20, 4:47:01 PM,%RH,23.522
10/6/20, 5:47:01 PM,%RH,26.654
10/6/20, 6:47:01 PM,%RH,32.455
10/6/20, 7:47:01 PM,%RH,37.447
10/6/20, 8:47:01 PM,%RH,46.911
10/6/20, 9:47:01 PM,%RH,43.691
10/6/20, 10:47:01 PM,%RH,43.653
10/6/20, 11:47:01 PM,%RH,44.263
10/7/20, 12:47:01 AM,%RH,45.518
10/7/20, 1:47:01 AM,%RH,44.838
10/7/20, 2:47:01 AM,%RH,44.838
10/7/20, 3:47:01 AM,%RH,45.727
10/7/20, 4:47:01 AM,%RH,45.021
10/7/20, 5:47:01 AM,%RH,44.314
10/7/20, 6:47:01 AM,%RH,43.197
10/7/20, 7:47:01 AM,%RH,30.802
10/7/20, 8:47:01 AM,%RH,19.815
10/7/20, 9:47:01 AM,%RH,16.196
10/7/20, 10:47:01 AM,%RH,13.863
10/7/20, 11:47:01 AM,%RH,10.305
10/7/20, 12:47:01 PM,%RH,10.994
10/7/20, 1:47:01 PM,%RH,13.042
10/7/20, 2:47:01 PM,%RH,16.755
10/7/20, 3:47:01 PM,%RH,20.081
10/7/20, 4:47:01 PM,%RH,25.492
10/7/20, 5:47:01 PM,%RH,37.175
10/7/20, 6:47:01 PM,%RH,46.592
10/7/20, 7:47:01 PM,%RH,60.627
10/7/20, 8:47:01 PM,%RH,66.867
10/7/20, 9:47:01 PM,%RH,80.109
10/7/20, 10:47:01 PM,%RH,79.876
10/7/20, 11:47:01 PM,%RH,76.961
10/8/20, 12:47:01 AM,%RH,83.831
10/8/20, 1:47:01 AM,%RH,87.391
10/8/20, 2:47:01 AM,%RH,79.124
10/8/20, 3:47:01 AM,%RH,81.594
10/8/20, 4:47:01 AM,%RH,104.623
10/8/20, 5:47:01 AM,%RH,107.01
10/8/20, 6:47:01 AM,%RH,107.691
10/8/20, 7:47:01 AM,%RH,108.157
10/8/20, 8:47:01 AM,%RH,81.841
10/8/20, 9:47:01 AM,%RH,45.199
10/8/20, 10:47:01 AM,%RH,36.493
10/8/20, 11:47:01 AM,%RH,30.67
10/8/20, 12:47:01 PM,%RH,35.331
10/8/20, 1:47:01 PM,%RH,35.104
10/8/20, 2:47:01 PM,%RH,42.618
10/8/20, 3:47:01 PM,%RH,46.915
10/8/20, 4:47:01 PM,%RH,56.772
10/8/20, 5:47:01 PM,%RH,68.547
10/8/20, 6:47:01 PM,%RH,82.964
10/8/20, 7:47:01 PM,%RH,94.981
10/8/20, 8:47:01 PM,%RH,100.757
10/8/20, 9:47:01 PM,%RH,107.038
10/8/20, 10:47:01 PM,%RH,108.6
10/8/20, 11:47:01 PM,%RH,109.415
10/9/20, 12:47:01 AM,%RH,109.553
10/9/20, 1:47:01 AM,%RH,109.627
10/9/20, 2:47:01 AM,%RH,110.29
10/9/20, 3:47:01 AM,%RH,109.921
10/9/20, 4:47:01 AM,%RH,110.225
10/9/20, 5:47:01 AM,%RH,112.023
10/9/20, 6:47:01 AM,%RH,110.661
10/9/20, 7:47:01 AM,%RH,110.864
10/9/20, 8:47:01 AM,%RH,100.841
10/9/20, 9:47:01 AM,%RH,73.113
10/9/20, 10:47:01 AM,%RH,44.827
10/9/20, 11:47:01 AM,%RH,39.139
10/9/20, 12:47:01 PM,%RH,35.331
10/9/20, 1:47:01 PM,%RH,36.55
10/9/20, 2:47:01 PM,%RH,45.096
10/9/20, 3:47:01 PM,%RH,53.782
10/9/20, 4:47:01 PM,%RH,58.602
10/9/20, 5:47:01 PM,%RH,74.217
10/9/20, 6:47:01 PM,%RH,84.581
10/9/20, 7:47:01 PM,%RH,95.992
10/9/20, 8:47:01 PM,%RH,104.017
10/9/20, 9:47:01 PM,%RH,107.565
10/9/20, 10:47:01 PM,%RH,107.933
10/9/20, 11:47:01 PM,%RH,108.745
10/10/20, 12:47:01 AM,%RH,109.415
10/10/20, 1:47:01 AM,%RH,109.853
10/10/20, 2:47:01 AM,%RH,109.482
10/10/20, 3:47:01 AM,%RH,110.661
10/10/20, 4:47:01 AM,%RH,110.065
10/10/20, 5:47:01 AM,%RH,110.142
10/10/20, 6:47:01 AM,%RH,110.221
10/10/20, 7:47:01 AM,%RH,103.094
10/10/20, 8:47:01 AM,%RH,92.949
10/10/20, 9:47:01 AM,%RH,89.345
10/10/20, 10:47:01 AM,%RH,80.316
10/10/20, 11:47:01 AM,%RH,68.582
10/10/20, 12:47:01 PM,%RH,59.813
10/10/20, 1:47:01 PM,%RH,39.854
10/10/20, 2:47:01 PM,%RH,49.5
10/10/20, 3:47:01 PM,%RH,51.915
10/10/20, 4:47:01 PM,%RH,59.771
10/10/20, 5:47:01 PM,%RH,69.673
10/10/20, 6:47:01 PM,%RH,82.979
10/10/20, 7:47:01 PM,%RH,92.949
10/10/20, 8:47:01 PM,%RH,99.969
10/10/20, 9:47:01 PM,%RH,105.229
10/10/20, 10:47:01 PM,%RH,108.228
10/10/20, 11:47:01 PM,%RH,109.042
10/11/20, 12:47:01 AM,%RH,110.065
10/11/20, 1:47:01 AM,%RH,109.482
10/11/20, 2:47:01 AM,%RH,109.921
10/11/20, 3:47:01 AM,%RH,110.358
10/11/20, 4:47:01 AM,%RH,110.661
10/11/20, 5:47:01 AM,%RH,110.599
10/11/20, 6:47:01 AM,%RH,110.599
10/11/20, 7:47:01 AM,%RH,113.06
10/11/20, 8:47:01 AM,%RH,66.363
10/11/20, 9:47:01 AM,%RH,41.701
10/11/20, 10:47:01 AM,%RH,35.448
10/11/20, 11:47:01 AM,%RH,29.592
10/11/20, 12:47:01 PM,%RH,22.667
10/11/20, 1:47:01 PM,%RH,21.263
10/11/20, 2:47:01 PM,%RH,26.453
10/11/20, 3:47:01 PM,%RH,45.251
10/11/20, 4:47:01 PM,%RH,56.956
10/11/20, 5:47:01 PM,%RH,64.596
10/11/20, 6:47:01 PM,%RH,78.087
10/11/20, 7:47:01 PM,%RH,86.183
10/11/20, 8:47:01 PM,%RH,93.464
10/11/20, 9:47:01 PM,%RH,83.504
10/11/20, 10:47:01 PM,%RH,86.172
10/11/20, 11:47:01 PM,%RH,76.318
10/12/20, 12:47:01 AM,%RH,71.741
10/12/20, 1:47:01 AM,%RH,65.36
10/12/20, 2:47:01 AM,%RH,57.556
10/12/20, 3:47:01 AM,%RH,57.499
10/12/20, 4:47:01 AM,%RH,53.197
10/12/20, 5:47:01 AM,%RH,50.056
10/12/20, 6:47:01 AM,%RH,48.187
10/12/20, 7:47:01 AM,%RH,37.735
10/12/20, 8:47:01 AM,%RH,22.344
10/12/20, 9:47:01 AM,%RH,17.217
10/12/20, 10:47:01 AM,%RH,12.685
10/12/20, 11:47:01 AM,%RH,10.691
10/12/20, 12:47:01 PM,%RH,10.691
10/12/20, 1:47:01 PM,%RH,9.908
10/12/20, 2:47:01 PM,%RH,12.947
10/12/20, 3:47:01 PM,%RH,19.8
10/12/20, 4:47:01 PM,%RH,24.433
10/12/20, 5:47:01 PM,%RH,26.868
10/12/20, 6:47:01 PM,%RH,42.316
10/12/20, 7:47:01 PM,%RH,52.235
10/12/20, 8:47:01 PM,%RH,49.683
10/12/20, 9:47:01 PM,%RH,53.296
10/12/20, 10:47:01 PM,%RH,47.702
10/12/20, 11:47:01 PM,%RH,48.261
10/13/20, 12:47:01 AM,%RH,50.125
10/13/20, 1:47:01 AM,%RH,53.79
10/13/20, 2:47:01 AM,%RH,45.705
10/13/20, 3:47:01 AM,%RH,49.389
10/13/20, 4:47:01 AM,%RH,46.875
10/13/20, 5:47:01 AM,%RH,45.554
10/13/20, 6:47:01 AM,%RH,46.804
10/13/20, 7:47:01 AM,%RH,34.266
10/13/20, 8:47:01 AM,%RH,20.837
10/13/20, 9:47:01 AM,%RH,16.451
10/13/20, 10:47:01 AM,%RH,14.006
10/13/20, 11:47:01 AM,%RH,13.599
10/13/20, 12:47:01 PM,%RH,9.908
10/13/20, 1:47:01 PM,%RH,11.862
10/13/20, 2:47:01 PM,%RH,13.525
10/13/20, 3:47:01 PM,%RH,16.858
10/13/20, 4:47:01 PM,%RH,18.123
10/13/20, 5:47:01 PM,%RH,23.415
10/13/20, 6:47:01 PM,%RH,27.759
10/13/20, 7:47:01 PM,%RH,36.074
10/13/20, 8:47:01 PM,%RH,39.202
10/13/20, 9:47:01 PM,%RH,30.327
10/13/20, 10:47:01 PM,%RH,30.802
10/13/20, 11:47:01 PM,%RH,37.795
10/14/20, 12:47:01 AM,%RH,43.578
10/14/20, 1:47:01 AM,%RH,40.351
10/14/20, 2:47:01 AM,%RH,38.784
10/14/20, 3:47:01 AM,%RH,31.497
10/14/20, 4:47:01 AM,%RH,25.56
10/14/20, 5:47:01 AM,%RH,28.168
10/14/20, 6:47:01 AM,%RH,25.407
10/14/20, 7:47:01 AM,%RH,20.627
10/14/20, 8:47:01 AM,%RH,14.509
10/14/20, 9:47:01 AM,%RH,14.394
10/14/20, 10:47:01 AM,%RH,12.548
10/14/20, 11:47:01 AM,%RH,9.949
10/14/20, 12:47:01 PM,%RH,9.284
10/14/20, 1:47:01 PM,%RH,8.459
10/14/20, 2:47:01 PM,%RH,9.302
10/14/20, 3:47:01 PM,%RH,16.247
10/14/20, 4:47:01 PM,%RH,18.883
10/14/20, 5:47:01 PM,%RH,22.666
10/14/20, 6:47:01 PM,%RH,30.953
10/14/20, 7:47:01 PM,%RH,37.4
10/14/20, 8:47:01 PM,%RH,33.401
10/14/20, 9:47:01 PM,%RH,36.121
10/14/20, 10:47:01 PM,%RH,36.646
10/14/20, 11:47:01 PM,%RH,34.647
10/15/20, 12:47:01 AM,%RH,35.935
10/15/20, 1:47:01 AM,%RH,37.22
10/15/20, 2:47:01 AM,%RH,40.351
10/15/20, 3:47:01 AM,%RH,37.132
10/15/20, 4:47:01 AM,%RH,37.71
10/15/20, 5:47:01 AM,%RH,36.38
10/15/20, 6:47:01 AM,%RH,37.668
10/15/20, 7:47:01 AM,%RH,26.866
10/15/20, 8:47:01 AM,%RH,15.276
10/15/20, 9:47:01 AM,%RH,12.947
10/15/20, 10:47:01 AM,%RH,10.393
10/15/20, 11:47:01 AM,%RH,7.073
10/15/20, 12:47:01 PM,%RH,7.825
10/15/20, 1:47:01 PM,%RH,8.42
10/15/20, 2:47:01 PM,%RH,12.947
10/15/20, 3:47:01 PM,%RH,16.349
10/15/20, 4:47:01 PM,%RH,16.858
10/15/20, 5:47:01 PM,%RH,20.028
10/15/20, 6:47:01 PM,%RH,24.374
10/15/20, 7:47:01 PM,%RH,29.495
10/15/20, 8:47:01 PM,%RH,25.596
10/15/20, 9:47:01 PM,%RH,25.438
10/15/20, 10:47:01 PM,%RH,24.109
10/15/20, 11:47:01 PM,%RH,23.416
10/16/20, 12:47:01 AM,%RH,24.109
10/16/20, 1:47:01 AM,%RH,23.469
10/16/20, 2:47:01 AM,%RH,24.056
10/16/20, 3:47:01 AM,%RH,24.109
10/16/20, 4:47:01 AM,%RH,25.438
10/16/20, 5:47:01 AM,%RH,27.295
10/16/20, 6:47:01 AM,%RH,27.929
10/16/20, 7:47:01 AM,%RH,21.702
10/16/20, 8:47:01 AM,%RH,12.753
10/16/20, 9:47:01 AM,%RH,10.216
10/16/20, 10:47:01 AM,%RH,9.656
10/16/20, 11:47:01 AM,%RH,8.875
10/16/20, 12:47:01 PM,%RH,7.476
10/16/20, 1:47:01 PM,%RH,8.135
10/16/20, 2:47:01 PM,%RH,9.8
10/16/20, 3:47:01 PM,%RH,10.431
10/16/20, 4:47:01 PM,%RH,11.009
10/16/20, 5:47:01 PM,%RH,11.478
10/16/20, 6:47:01 PM,%RH,17.269
10/16/20, 7:47:01 PM,%RH,17.922
10/16/20, 8:47:01 PM,%RH,17.922
10/16/20, 9:47:01 PM,%RH,19.223
10/16/20, 10:47:01 PM,%RH,19.169
10/16/20, 11:47:01 PM,%RH,20.465
10/17/20, 12:47:01 AM,%RH,20.519
10/17/20, 1:47:01 AM,%RH,21.757
10/17/20, 2:47:01 AM,%RH,25.074
10/17/20, 3:47:01 AM,%RH,26.506
10/17/20, 4:47:01 AM,%RH,26.506
10/17/20, 5:47:01 AM,%RH,28.463
10/17/20, 6:47:01 AM,%RH,30.508
10/17/20, 7:47:01 AM,%RH,26.814
10/17/20, 8:47:01 AM,%RH,17.204
10/17/20, 9:47:01 AM,%RH,14.246
10/17/20, 10:47:01 AM,%RH,11.816
10/17/20, 11:47:01 AM,%RH,9.124
10/17/20, 12:47:01 PM,%RH,9.783
10/17/20, 1:47:01 PM,%RH,12.409
10/17/20, 2:47:01 PM,%RH,21.698
10/17/20, 3:47:01 PM,%RH,29.03
10/17/20, 4:47:01 PM,%RH,32.256
10/17/20, 5:47:01 PM,%RH,37.329
10/17/20, 6:47:01 PM,%RH,48.044
10/17/20, 7:47:01 PM,%RH,60.687
10/17/20, 8:47:01 PM,%RH,65.951
10/17/20, 9:47:01 PM,%RH,69.464
10/17/20, 10:47:01 PM,%RH,60.022
10/17/20, 11:47:01 PM,%RH,59.966
10/18/20, 12:47:01 AM,%RH,62.332
10/18/20, 1:47:01 AM,%RH,55.033
10/18/20, 2:47:01 AM,%RH,53.761
10/18/20, 3:47:01 AM,%RH,53.166
10/18/20, 4:47:01 AM,%RH,53.244
10/18/20, 5:47:01 AM,%RH,55.518
10/18/20, 6:47:01 AM,%RH,54.231
10/18/20, 7:47:01 AM,%RH,45.062
10/18/20, 8:47:01 AM,%RH,24.64
10/18/20, 9:47:01 AM,%RH,19.642
10/18/20, 10:47:01 AM,%RH,16.602
10/18/20, 11:47:01 AM,%RH,20.117
10/18/20, 12:47:01 PM,%RH,18.188
10/18/20, 1:47:01 PM,%RH,20.771
10/18/20, 2:47:01 PM,%RH,30.502
10/18/20, 3:47:01 PM,%RH,32.984
10/18/20, 4:47:01 PM,%RH,45.892
10/18/20, 5:47:01 PM,%RH,57.473
10/18/20, 6:47:01 PM,%RH,71.313
10/18/20, 7:47:01 PM,%RH,80.237
10/18/20, 8:47:01 PM,%RH,87.747
10/18/20, 9:47:01 PM,%RH,92.436
10/18/20, 10:47:01 PM,%RH,96.499
10/18/20, 11:47:01 PM,%RH,97.666
10/19/20, 12:47:01 AM,%RH,103.78
10/19/20, 1:47:01 AM,%RH,105.009
10/19/20, 2:47:01 AM,%RH,103.246
10/19/20, 3:47:01 AM,%RH,84.874
10/19/20, 4:47:01 AM,%RH,83.831
10/19/20, 5:47:01 AM,%RH,87.839
10/19/20, 6:47:01 AM,%RH,86.877
10/19/20, 7:47:01 AM,%RH,75.152
10/19/20, 8:47:01 AM,%RH,36.615
10/19/20, 9:47:01 AM,%RH,26.453
10/19/20, 10:47:01 AM,%RH,26.841
10/19/20, 11:47:01 AM,%RH,24.12
10/19/20, 12:47:01 PM,%RH,26.318
10/19/20, 1:47:01 PM,%RH,32.818
10/19/20, 2:47:01 PM,%RH,44.018
10/19/20, 3:47:01 PM,%RH,50.231
10/19/20, 4:47:01 PM,%RH,53.257
10/19/20, 5:47:01 PM,%RH,62.176
10/19/20, 6:47:01 PM,%RH,75.269
10/19/20, 7:47:01 PM,%RH,91.92
10/19/20, 8:47:01 PM,%RH,99.421
10/19/20, 9:47:01 PM,%RH,101.068
10/19/20, 10:47:01 PM,%RH,106.438
10/19/20, 11:47:01 PM,%RH,107.712
10/20/20, 12:47:01 AM,%RH,108.089
10/20/20, 1:47:01 AM,%RH,109.287
10/20/20, 2:47:01 AM,%RH,109.788
10/20/20, 3:47:01 AM,%RH,110.104
10/20/20, 4:47:01 AM,%RH,109.994
10/20/20, 5:47:01 AM,%RH,109.994
10/20/20, 6:47:01 AM,%RH,110.332
10/20/20, 7:47:01 AM,%RH,111.095
10/20/20, 8:47:01 AM,%RH,41.666
10/20/20, 9:47:01 AM,%RH,33.547
10/20/20, 10:47:01 AM,%RH,33.319
10/20/20, 11:47:01 AM,%RH,26.15
10/20/20, 12:47:01 PM,%RH,28.22
10/20/20, 1:47:01 PM,%RH,30.727
10/20/20, 2:47:01 PM,%RH,34.939
10/20/20, 3:47:01 PM,%RH,41.425
10/20/20, 4:47:01 PM,%RH,55.114
10/20/20, 5:47:01 PM,%RH,65.696
10/20/20, 6:47:01 PM,%RH,85.104
10/20/20, 7:47:01 PM,%RH,100.459
10/20/20, 8:47:01 PM,%RH,106.749
10/20/20, 9:47:01 PM,%RH,108.301
10/20/20, 10:47:01 PM,%RH,108.9
10/20/20, 11:47:01 PM,%RH,109.113
10/21/20, 12:47:01 AM,%RH,109.415
10/21/20, 1:47:01 AM,%RH,109.667
10/21/20, 2:47:01 AM,%RH,110.048
10/21/20, 3:47:01 AM,%RH,105.66
10/21/20, 4:47:01 AM,%RH,105.094
10/21/20, 5:47:01 AM,%RH,103.623
10/21/20, 6:47:01 AM,%RH,102.751
10/21/20, 7:47:01 AM,%RH,93.983
10/21/20, 8:47:01 AM,%RH,50.983
10/21/20, 9:47:01 AM,%RH,34.056
10/21/20, 10:47:01 AM,%RH,23.956
10/21/20, 11:47:01 AM,%RH,27.419
10/21/20, 12:47:01 PM,%RH,32.645
10/21/20, 1:47:01 PM,%RH,36.55
10/21/20, 2:47:01 PM,%RH,41.969
10/21/20, 3:47:01 PM,%RH,45.686
10/21/20, 4:47:01 PM,%RH,55.589
10/21/20, 5:47:01 PM,%RH,70.283
10/21/20, 6:47:01 PM,%RH,86.714
10/21/20, 7:47:01 PM,%RH,100.937
10/21/20, 8:47:01 PM,%RH,106.588
10/21/20, 9:47:01 PM,%RH,109.263
10/21/20, 10:47:01 PM,%RH,109.342
10/21/20, 11:47:01 PM,%RH,109.509
10/22/20, 12:47:01 AM,%RH,109.95
10/22/20, 1:47:01 AM,%RH,108.983
10/22/20, 2:47:01 AM,%RH,109.865
10/22/20, 3:47:01 AM,%RH,110.304
10/22/20, 4:47:01 AM,%RH,109.424
10/22/20, 5:47:01 AM,%RH,108.983
10/22/20, 6:47:01 AM,%RH,107.647
10/22/20, 7:47:01 AM,%RH,103.178
10/22/20, 8:47:01 AM,%RH,88.805
10/22/20, 9:47:01 AM,%RH,80.254
10/22/20, 10:47:01 AM,%RH,57.106
10/22/20, 11:47:01 AM,%RH,42.24
10/22/20, 12:47:01 PM,%RH,39.739
10/22/20, 1:47:01 PM,%RH,44.609
10/22/20, 2:47:01 PM,%RH,51.869
10/22/20, 3:47:01 PM,%RH,56.116
10/22/20, 4:47:01 PM,%RH,62.694
10/22/20, 5:47:01 PM,%RH,74.189
10/22/20, 6:47:01 PM,%RH,91.404
10/22/20, 7:47:01 PM,%RH,102.881
10/22/20, 8:47:01 PM,%RH,108.457
10/22/20, 9:47:01 PM,%RH,109.187
10/22/20, 10:47:01 PM,%RH,109.921
10/22/20, 11:47:01 PM,%RH,109.921
10/23/20, 12:47:01 AM,%RH,110.225
10/23/20, 1:47:01 AM,%RH,109.187
10/23/20, 2:47:01 AM,%RH,110.579
10/23/20, 3:47:01 AM,%RH,110.221
10/23/20, 4:47:01 AM,%RH,103.556
10/23/20, 5:47:01 AM,%RH,100.757
10/23/20, 6:47:01 AM,%RH,99.896
10/23/20, 7:47:01 AM,%RH,98.986
10/23/20, 8:47:01 AM,%RH,91.922
10/23/20, 9:47:01 AM,%RH,81.878
10/23/20, 10:47:01 AM,%RH,73.003
10/23/20, 11:47:01 AM,%RH,63.848
10/23/20, 12:47:01 PM,%RH,41.533
10/23/20, 1:47:01 PM,%RH,44.504
10/23/20, 2:47:01 PM,%RH,51.823
10/23/20, 3:47:01 PM,%RH,56.074
10/23/20, 4:47:01 PM,%RH,59.085
10/23/20, 5:47:01 PM,%RH,76.951
10/23/20, 6:47:01 PM,%RH,95.997
10/23/20, 7:47:01 PM,%RH,98.465
10/23/20, 8:47:01 PM,%RH,105.229
10/23/20, 9:47:01 PM,%RH,108.671
10/23/20, 10:47:01 PM,%RH,109.113
10/23/20, 11:47:01 PM,%RH,109.187
10/24/20, 12:47:01 AM,%RH,109.992
10/24/20, 1:47:01 AM,%RH,109.553
10/24/20, 2:47:01 AM,%RH,109.992
10/24/20, 3:47:01 AM,%RH,110.358
10/24/20, 4:47:01 AM,%RH,110.503
10/24/20, 5:47:01 AM,%RH,110.142
10/24/20, 6:47:01 AM,%RH,104.852
10/24/20, 7:47:01 AM,%RH,103.556
10/24/20, 8:47:01 AM,%RH,93.967
10/24/20, 9:47:01 AM,%RH,80.821
10/24/20, 10:47:01 AM,%RH,65.032
10/24/20, 11:47:01 AM,%RH,47.753
10/24/20, 12:47:01 PM,%RH,42.671
10/24/20, 1:47:01 PM,%RH,49.404
10/24/20, 2:47:01 PM,%RH,54.224
10/24/20, 3:47:01 PM,%RH,56.074
10/24/20, 4:47:01 PM,%RH,61.988
10/24/20, 5:47:01 PM,%RH,71.814
10/24/20, 6:47:01 PM,%RH,89.321
10/24/20, 7:47:01 PM,%RH,90.365
10/24/20, 8:47:01 PM,%RH,91.921
10/24/20, 9:47:01 PM,%RH,89.584
10/24/20, 10:47:01 PM,%RH,91.1
10/24/20, 11:47:01 PM,%RH,99.101
10/25/20, 12:47:01 AM,%RH,98.301
10/25/20, 1:47:01 AM,%RH,94.989
10/25/20, 2:47:01 AM,%RH,96.372
10/25/20, 3:47:01 AM,%RH,98.301
10/25/20, 4:47:01 AM,%RH,100.125
10/25/20, 5:47:01 AM,%RH,99.256
10/25/20, 6:47:01 AM,%RH,100.597
10/25/20, 7:47:01 AM,%RH,99.256
10/25/20, 8:47:01 AM,%RH,91.921
10/25/20, 9:47:01 AM,%RH,80.758
10/25/20, 10:47:01 AM,%RH,70.11
10/25/20, 11:47:01 AM,%RH,54.76
10/25/20, 12:47:01 PM,%RH,44.304
10/25/20, 1:47:01 PM,%RH,51.779
10/25/20, 2:47:01 PM,%RH,63.655
10/25/20, 3:47:01 PM,%RH,64.816
10/25/20, 4:47:01 PM,%RH,66.54
10/25/20, 5:47:01 PM,%RH,71.741
10/25/20, 6:47:01 PM,%RH,75.851
10/25/20, 7:47:01 PM,%RH,83.217
10/25/20, 8:47:01 PM,%RH,92.139
10/25/20, 9:47:01 PM,%RH,99.172
10/25/20, 10:47:01 PM,%RH,97.866
10/25/20, 11:47:01 PM,%RH,99.706
10/26/20, 12:47:01 AM,%RH,102.917
10/26/20, 1:47:01 AM,%RH,106.45
10/26/20, 2:47:01 AM,%RH,36.108
10/26/20, 3:47:01 AM,%RH,16.575
10/26/20, 4:47:01 AM,%RH,12.132
10/26/20, 5:47:01 AM,%RH,12.059
10/26/20, 6:47:01 AM,%RH,12.618
10/26/20, 7:47:01 AM,%RH,13.954
10/26/20, 8:47:01 AM,%RH,13.386
10/26/20, 9:47:01 AM,%RH,12.246
10/26/20, 10:47:01 AM,%RH,11.098
10/26/20, 11:47:01 AM,%RH,7.259
10/26/20, 12:47:01 PM,%RH,8.044
10/26/20, 1:47:01 PM,%RH,6.062
10/26/20, 2:47:01 PM,%RH,6.486
10/26/20, 3:47:01 PM,%RH,5.877
10/26/20, 4:47:01 PM,%RH,5.877
10/26/20, 5:47:01 PM,%RH,4.342
10/26/20, 6:47:01 PM,%RH,7.353
10/26/20, 7:47:01 PM,%RH,8.57
10/26/20, 8:47:01 PM,%RH,15.802
10/26/20, 9:47:01 PM,%RH,19.681
10/26/20, 10:47:01 PM,%RH,23.043
10/26/20, 11:47:01 PM,%RH,27.712
10/27/20, 12:47:01 AM,%RH,34.427
10/27/20, 1:47:01 AM,%RH,42.468
10/27/20, 2:47:01 AM,%RH,36.099
10/27/20, 3:47:01 AM,%RH,36.539
10/27/20, 4:47:01 AM,%RH,34.37
10/27/20, 5:47:01 AM,%RH,26.071
10/27/20, 6:47:01 AM,%RH,22.747
10/27/20, 7:47:01 AM,%RH,19.459
10/27/20, 8:47:01 AM,%RH,10.167
10/27/20, 9:47:01 AM,%RH,7.693
10/27/20, 10:47:01 AM,%RH,7.015
10/27/20, 11:47:01 AM,%RH,8.098
10/27/20, 12:47:01 PM,%RH,8.926
10/27/20, 1:47:01 PM,%RH,8.422
10/27/20, 2:47:01 PM,%RH,11.387
10/27/20, 3:47:01 PM,%RH,12.051
10/27/20, 4:47:01 PM,%RH,11.273
10/27/20, 5:47:01 PM,%RH,12.598
10/27/20, 6:47:01 PM,%RH,15.717
10/27/20, 7:47:01 PM,%RH,17.028
10/27/20, 8:47:01 PM,%RH,17.273
10/27/20, 9:47:01 PM,%RH,18.592
10/27/20, 10:47:01 PM,%RH,19.829
10/27/20, 11:47:01 PM,%RH,21.747
10/28/20, 12:47:01 AM,%RH,24.406
10/28/20, 1:47:01 AM,%RH,24.937
10/28/20, 2:47:01 AM,%RH,25.762
10/28/20, 3:47:01 AM,%RH,26.966
10/28/20, 4:47:01 AM,%RH,29.502
10/28/20, 5:47:01 AM,%RH,31.498
10/28/20, 6:47:01 AM,%RH,33.853
10/28/20, 7:47:01 AM,%RH,33.408
10/28/20, 8:47:01 AM,%RH,16.396
10/28/20, 9:47:01 AM,%RH,14.196
10/28/20, 10:47:01 AM,%RH,14.561
10/28/20, 11:47:01 AM,%RH,12.704
10/28/20, 12:47:01 PM,%RH,11.255
10/28/20, 1:47:01 PM,%RH,11.733
10/28/20, 2:47:01 PM,%RH,13.374
10/28/20, 3:47:01 PM,%RH,22.292
10/28/20, 4:47:01 PM,%RH,26.866
10/28/20, 5:47:01 PM,%RH,30.703
10/28/20, 6:47:01 PM,%RH,38.457
10/28/20, 7:47:01 PM,%RH,46.433
10/28/20, 8:47:01 PM,%RH,54.689
10/28/20, 9:47:01 PM,%RH,56.214
10/28/20, 10:47:01 PM,%RH,51.496
10/28/20, 11:47:01 PM,%RH,41.057
10/29/20, 12:47:01 AM,%RH,39.626
10/29/20, 1:47:01 AM,%RH,36.388
10/29/20, 2:47:01 AM,%RH,32.673
10/29/20, 3:47:01 AM,%RH,33.843
10/29/20, 4:47:01 AM,%RH,31.126
10/29/20, 5:47:01 AM,%RH,33.111
10/29/20, 6:47:01 AM,%RH,31.053
10/29/20, 7:47:01 AM,%RH,31.716
10/29/20, 8:47:01 AM,%RH,15.356
10/29/20, 9:47:01 AM,%RH,12.405
10/29/20, 10:47:01 AM,%RH,11.541
10/29/20, 11:47:01 AM,%RH,9.988
10/29/20, 12:47:01 PM,%RH,8.523
10/29/20, 1:47:01 PM,%RH,7.511
10/29/20, 2:47:01 PM,%RH,8.422
10/29/20, 3:47:01 PM,%RH,9.769
10/29/20, 4:47:01 PM,%RH,9.608
10/29/20, 5:47:01 PM,%RH,10.945
10/29/20, 6:47:01 PM,%RH,13.374
10/29/20, 7:47:01 PM,%RH,15.405
10/29/20, 8:47:01 PM,%RH,17.256
10/29/20, 9:47:01 PM,%RH,17.909
10/29/20, 10:47:01 PM,%RH,19.213
10/29/20, 11:47:01 PM,%RH,20.514
10/30/20, 12:47:01 AM,%RH,21.43
10/30/20, 1:47:01 AM,%RH,21.356
10/30/20, 2:47:01 AM,%RH,22.729
10/30/20, 3:47:01 AM,%RH,21.969
10/30/20, 4:47:01 AM,%RH,22.655
10/30/20, 5:47:01 AM,%RH,23.265
10/30/20, 6:47:01 AM,%RH,24.554
10/30/20, 7:47:01 AM,%RH,23.947
10/30/20, 8:47:01 AM,%RH,12.656
10/30/20, 9:47:01 AM,%RH,11.108
10/30/20, 10:47:01 AM,%RH,11.494
10/30/20, 11:47:01 AM,%RH,11.634
10/30/20, 12:47:01 PM,%RH,8.702
10/30/20, 1:47:01 PM,%RH,8.477
10/30/20, 2:47:01 PM,%RH,10.652
10/30/20, 3:47:01 PM,%RH,16.992
10/30/20, 4:47:01 PM,%RH,21.003
10/30/20, 5:47:01 PM,%RH,27.551
10/30/20, 6:47:01 PM,%RH,37.264
10/30/20, 7:47:01 PM,%RH,41.622
10/30/20, 8:47:01 PM,%RH,33.701
10/30/20, 9:47:01 PM,%RH,30.949
10/30/20, 10:47:01 PM,%RH,30.091
10/30/20, 11:47:01 PM,%RH,26.809
10/31/20, 12:47:01 AM,%RH,27.409
10/31/20, 1:47:01 AM,%RH,28.457
10/31/20, 2:47:01 AM,%RH,26.512
10/31/20, 3:47:01 AM,%RH,23.265
10/31/20, 4:47:01 AM,%RH,22.581
10/31/20, 5:47:01 AM,%RH,21.282
10/31/20, 6:47:01 AM,%RH,20.519
10/31/20, 7:47:01 AM,%RH,21.895
10/31/20, 8:47:01 AM,%RH,11.937
10/31/20, 9:47:01 AM,%RH,10.959
10/31/20, 10:47:01 AM,%RH,10.08
10/31/20, 11:47:01 AM,%RH,9.613
10/31/20, 12:47:01 PM,%RH,7.877
10/31/20, 1:47:01 PM,%RH,7.605
10/31/20, 2:47:01 PM,%RH,7.848
10/31/20, 3:47:01 PM,%RH,7.848
10/31/20, 4:47:01 PM,%RH,8.577
10/31/20, 5:47:01 PM,%RH,8.369
10/31/20, 6:47:01 PM,%RH,10.167
10/31/20, 7:47:01 PM,%RH,11.443
10/31/20, 8:47:01 PM,%RH,14.147
10/31/20, 9:47:01 PM,%RH,13.431
10/31/20, 10:47:01 PM,%RH,13.543
10/31/20, 11:47:01 PM,%RH,12.77
11/1/20, 12:47:01 AM,%RH,14.748
11/1/20, 1:47:01 AM,%RH,17.369
11/1/20, 1:47:01 AM,%RH,19.38
11/1/20, 2:47:01 AM,%RH,20.029
11/1/20, 3:47:01 AM,%RH,20.029
11/1/20, 4:47:01 AM,%RH,21.326
11/1/20, 5:47:01 AM,%RH,21.272
11/1/20, 6:47:01 AM,%RH,19.324
11/1/20, 7:47:01 AM,%RH,12.971
11/1/20, 8:47:01 AM,%RH,10.528
11/1/20, 9:47:01 AM,%RH,6.776
11/1/20, 10:47:01 AM,%RH,9.356
11/1/20, 11:47:01 AM,%RH,8.338
11/1/20, 12:47:01 PM,%RH,9.655
11/1/20, 1:47:01 PM,%RH,9.356
11/1/20, 2:47:01 PM,%RH,9.557
11/1/20, 3:47:01 PM,%RH,9.822
11/1/20, 4:47:01 PM,%RH,13.049
11/1/20, 5:47:01 PM,%RH,16.285
11/1/20, 6:47:01 PM,%RH,17.537
11/1/20, 7:47:01 PM,%RH,18.95
11/1/20, 8:47:01 PM,%RH,19.49
11/1/20, 9:47:01 PM,%RH,19.49
11/1/20, 10:47:01 PM,%RH,19.435
11/1/20, 11:47:01 PM,%RH,20.787
11/2/20, 12:47:01 AM,%RH,20.139
11/2/20, 1:47:01 AM,%RH,20.139
11/2/20, 2:47:01 AM,%RH,21.435
11/2/20, 3:47:01 AM,%RH,20.787
11/2/20, 4:47:01 AM,%RH,22.081
11/2/20, 5:47:01 AM,%RH,23.425
11/2/20, 6:47:01 AM,%RH,22.833
11/2/20, 7:47:01 AM,%RH,12.919
11/2/20, 8:47:01 AM,%RH,11.882
11/2/20, 9:47:01 AM,%RH,12.221
11/2/20, 10:47:01 AM,%RH,9.437
11/2/20, 11:47:01 AM,%RH,10.171
11/2/20, 12:47:01 PM,%RH,11.446
11/2/20, 1:47:01 PM,%RH,19.975
11/2/20, 2:47:01 PM,%RH,22.612
11/2/20, 3:47:01 PM,%RH,31.937
11/2/20, 4:47:01 PM,%RH,46.68
11/2/20, 5:47:01 PM,%RH,61.86
11/2/20, 6:47:01 PM,%RH,62.979
11/2/20, 7:47:01 PM,%RH,59.94
11/2/20, 8:47:01 PM,%RH,58.596
11/2/20, 9:47:01 PM,%RH,61.48
11/2/20, 10:47:01 PM,%RH,51.328
11/2/20, 11:47:01 PM,%RH,51.328
11/3/20, 12:47:01 AM,%RH,48.778
11/3/20, 1:47:01 AM,%RH,48.232
11/3/20, 2:47:01 AM,%RH,49.399
11/3/20, 3:47:01 AM,%RH,49.399
11/3/20, 4:47:01 AM,%RH,51.101
11/3/20, 5:47:01 AM,%RH,55.221
11/3/20, 6:47:01 AM,%RH,51.715
11/3/20, 7:47:01 AM,%RH,28.39
11/3/20, 8:47:01 AM,%RH,23.841
11/3/20, 9:47:01 AM,%RH,18.777
11/3/20, 10:47:01 AM,%RH,20.134
11/3/20, 11:47:01 AM,%RH,19.145
11/3/20, 12:47:01 PM,%RH,20.347
11/3/20, 1:47:01 PM,%RH,28.759
11/3/20, 2:47:01 PM,%RH,33.951
11/3/20, 3:47:01 PM,%RH,37.886
11/3/20, 4:47:01 PM,%RH,49.134
11/3/20, 5:47:01 PM,%RH,62.405
11/3/20, 6:47:01 PM,%RH,74.75
11/3/20, 7:47:01 PM,%RH,76.239
11/3/20, 8:47:01 PM,%RH,74.989
11/3/20, 9:47:01 PM,%RH,72.218
11/3/20, 10:47:01 PM,%RH,73.257
11/3/20, 11:47:01 PM,%RH,60.149
11/4/20, 12:47:01 AM,%RH,47.457
11/4/20, 1:47:01 AM,%RH,45.501
11/4/20, 2:47:01 AM,%RH,44.165
11/4/20, 3:47:01 AM,%RH,45.427
11/4/20, 4:47:01 AM,%RH,44.724
11/4/20, 5:47:01 AM,%RH,42.824
11/4/20, 6:47:01 AM,%RH,38.558
11/4/20, 7:47:01 AM,%RH,18.407
11/4/20, 8:47:01 AM,%RH,16.094
11/4/20, 9:47:01 AM,%RH,15.784
11/4/20, 10:47:01 AM,%RH,11.039
11/4/20, 11:47:01 AM,%RH,10.08
11/4/20, 12:47:01 PM,%RH,9.347
11/4/20, 1:47:01 PM,%RH,12.303
11/4/20, 2:47:01 PM,%RH,12.251
11/4/20, 3:47:01 PM,%RH,12.919
11/4/20, 4:47:01 PM,%RH,14.858
11/4/20, 5:47:01 PM,%RH,18.736
11/4/20, 6:47:01 PM,%RH,20.034
11/4/20, 7:47:01 PM,%RH,20.573
11/4/20, 8:47:01 PM,%RH,21.918
11/4/20, 9:47:01 PM,%RH,23.151
11/4/20, 10:47:01 PM,%RH,25.126
11/4/20, 11:47:01 PM,%RH,26.404
11/5/20, 12:47:01 AM,%RH,27.092
11/5/20, 1:47:01 AM,%RH,27.092
11/5/20, 2:47:01 AM,%RH,27.778
11/5/20, 3:47:01 AM,%RH,26.506
11/5/20, 4:47:01 AM,%RH,27.778
11/5/20, 5:47:01 AM,%RH,27.092
11/5/20, 6:47:01 AM,%RH,26.455
11/5/20, 7:47:01 AM,%RH,21.434
11/5/20, 8:47:01 AM,%RH,16.939
11/5/20, 9:47:01 AM,%RH,13.946
11/5/20, 10:47:01 AM,%RH,10.034
11/5/20, 11:47:01 AM,%RH,10.671
11/5/20, 12:47:01 PM,%RH,11.255
11/5/20, 1:47:01 PM,%RH,11.882
11/5/20, 2:47:01 PM,%RH,11.733
11/5/20, 3:47:01 PM,%RH,13.637
11/5/20, 4:47:01 PM,%RH,16.175
11/5/20, 5:47:01 PM,%RH,18.736
11/5/20, 6:47:01 PM,%RH,20.681
11/5/20, 7:47:01 PM,%RH,21.273
11/5/20, 8:47:01 PM,%RH,21.273
11/5/20, 9:47:01 PM,%RH,21.918
11/5/20, 10:47:01 PM,%RH,21.864
11/5/20, 11:47:01 PM,%RH,23.151
11/6/20, 12:47:01 AM,%RH,26.455
11/6/20, 1:47:01 AM,%RH,25.126
11/6/20, 2:47:01 AM,%RH,29.097
11/6/20, 3:47:01 AM,%RH,29.731
11/6/20, 4:47:01 AM,%RH,30.316
11/6/20, 5:47:01 AM,%RH,32.937
11/6/20, 6:47:01 AM,%RH,31.629
11/6/20, 7:47:01 AM,%RH,24.486
11/6/20, 8:47:01 AM,%RH,22.185
11/6/20, 9:47:01 AM,%RH,18.07
11/6/20, 10:47:01 AM,%RH,25.654
11/6/20, 11:47:01 AM,%RH,27.031
11/6/20, 12:47:01 PM,%RH,32.929
11/6/20, 1:47:01 PM,%RH,48.138
11/6/20, 2:47:01 PM,%RH,57.299
11/6/20, 3:47:01 PM,%RH,73.003
11/6/20, 4:47:01 PM,%RH,79.657
11/6/20, 5:47:01 PM,%RH,82.379
11/6/20, 6:47:01 PM,%RH,82.24
11/6/20, 7:47:01 PM,%RH,80.565
11/6/20, 8:47:01 PM,%RH,108.909
11/6/20, 9:47:01 PM,%RH,109.667
11/6/20, 10:47:01 PM,%RH,110.599
11/6/20, 11:47:01 PM,%RH,110.54
11/7/20, 12:47:01 AM,%RH,110.54
11/7/20, 1:47:01 AM,%RH,111.247
11/7/20, 2:47:01 AM,%RH,111.247
11/7/20, 3:47:01 AM,%RH,111.975
11/7/20, 4:47:01 AM,%RH,111.868
11/7/20, 5:47:01 AM,%RH,103.531
11/7/20, 6:47:01 AM,%RH,111.154
11/7/20, 7:47:01 AM,%RH,111.199
11/7/20, 8:47:01 AM,%RH,111.35
11/7/20, 9:47:01 AM,%RH,110.29
11/7/20, 10:47:01 AM,%RH,94.83
11/7/20, 11:47:01 AM,%RH,73.331
11/7/20, 12:47:01 PM,%RH,54.573
11/7/20, 1:47:01 PM,%RH,62.576
11/7/20, 2:47:01 PM,%RH,45.021
11/7/20, 3:47:01 PM,%RH,54.544
11/7/20, 4:47:01 PM,%RH,65.945
11/7/20, 5:47:01 PM,%RH,72.555
11/7/20, 6:47:01 PM,%RH,82.119
11/7/20, 7:47:01 PM,%RH,86.812
11/7/20, 8:47:01 PM,%RH,89.831
11/7/20, 9:47:01 PM,%RH,94.737
11/7/20, 10:47:01 PM,%RH,96.656
11/7/20, 11:47:01 PM,%RH,100.474
11/8/20, 12:47:01 AM,%RH,100.474
11/8/20, 1:47:01 AM,%RH,98.577
11/8/20, 2:47:01 AM,%RH,100.921
11/8/20, 3:47:01 AM,%RH,99.583
11/8/20, 4:47:01 AM,%RH,103.71
11/8/20, 5:47:01 AM,%RH,105.557
11/8/20, 6:47:01 AM,%RH,104.61
11/8/20, 7:47:01 AM,%RH,65.482
11/8/20, 8:47:01 AM,%RH,61.636
11/8/20, 9:47:01 AM,%RH,68.993
11/8/20, 10:47:01 AM,%RH,59.864
11/8/20, 11:47:01 AM,%RH,57.323
11/8/20, 12:47:01 PM,%RH,34.885
11/8/20, 1:47:01 PM,%RH,46.77
11/8/20, 2:47:01 PM,%RH,36.536
11/8/20, 3:47:01 PM,%RH,37.261
11/8/20, 4:47:01 PM,%RH,46.951
11/8/20, 5:47:01 PM,%RH,56.548
11/8/20, 6:47:01 PM,%RH,59.466
11/8/20, 7:47:01 PM,%RH,71.839
11/8/20, 8:47:01 PM,%RH,73.11
11/8/20, 9:47:01 PM,%RH,71.943
11/8/20, 10:47:01 PM,%RH,82.526
11/8/20, 11:47:01 PM,%RH,83.509
11/9/20, 12:47:01 AM,%RH,87.148
11/9/20, 1:47:01 AM,%RH,88.655
11/9/20, 2:47:01 AM,%RH,85.568
11/9/20, 3:47:01 AM,%RH,82.393
11/9/20, 4:47:01 AM,%RH,67.122
11/9/20, 5:47:01 AM,%RH,64.773
11/9/20, 6:47:01 AM,%RH,58.464
11/9/20, 7:47:01 AM,%RH,32.982
11/9/20, 8:47:01 AM,%RH,27.092
11/9/20, 9:47:01 AM,%RH,21.811
11/9/20, 10:47:01 AM,%RH,17.922
11/9/20, 11:47:01 AM,%RH,19.169
11/9/20, 12:47:01 PM,%RH,19.709
11/9/20, 1:47:01 PM,%RH,22.729
11/9/20, 2:47:01 PM,%RH,24.628
11/9/20, 3:47:01 PM,%RH,32.599
11/9/20, 4:47:01 PM,%RH,35.663
11/9/20, 5:47:01 PM,%RH,40.052
11/9/20, 6:47:01 PM,%RH,44.863
11/9/20, 7:47:01 PM,%RH,43.532
11/9/20, 8:47:01 PM,%RH,52.606
11/9/20, 9:47:01 PM,%RH,54.976
11/9/20, 10:47:01 PM,%RH,56.125
11/9/20, 11:47:01 PM,%RH,59.547
11/10/20, 12:47:01 AM,%RH,62.443
11/10/20, 1:47:01 AM,%RH,61.906
11/10/20, 2:47:01 AM,%RH,61.809
11/10/20, 3:47:01 AM,%RH,63.028
11/10/20, 4:47:01 AM,%RH,57.76
11/10/20, 5:47:01 AM,%RH,58.306
11/10/20, 6:47:01 AM,%RH,58.306
11/10/20, 7:47:01 AM,%RH,30.269
11/10/20, 8:47:01 AM,%RH,25.868
11/10/20, 9:47:01 AM,%RH,19.926
11/10/20, 10:47:01 AM,%RH,18.682
11/10/20, 11:47:01 AM,%RH,16.724
11/10/20, 12:47:01 PM,%RH,15.139
11/10/20, 1:47:01 PM,%RH,18.673
11/10/20, 2:47:01 PM,%RH,17.966
11/10/20, 3:47:01 PM,%RH,20.624
11/10/20, 4:47:01 PM,%RH,25.91
11/10/20, 5:47:01 PM,%RH,32.525
11/10/20, 6:47:01 PM,%RH,39.41
11/10/20, 7:47:01 PM,%RH,41.123
11/10/20, 8:47:01 PM,%RH,45.359
11/10/20, 9:47:01 PM,%RH,48.419
11/10/20, 10:47:01 PM,%RH,51.443
11/10/20, 11:47:01 PM,%RH,56.182
11/11/20, 12:47:01 AM,%RH,57.979
11/11/20, 1:47:01 AM,%RH,59.169
11/11/20, 2:47:01 AM,%RH,60.297
11/11/20, 3:47:01 AM,%RH,61.422
11/11/20, 4:47:01 AM,%RH,63.126
11/11/20, 5:47:01 AM,%RH,63.709
11/11/20, 6:47:01 AM,%RH,59.059
11/11/20, 7:47:01 AM,%RH,33.027
11/11/20, 8:47:01 AM,%RH,27.828
11/11/20, 9:47:01 AM,%RH,21.38
11/11/20, 10:47:01 AM,%RH,17.486
11/11/20, 11:47:01 AM,%RH,16.885
11/11/20, 12:47:01 PM,%RH,17.215
11/11/20, 1:47:01 PM,%RH,22.402
11/11/20, 2:47:01 PM,%RH,23.688
11/11/20, 3:47:01 PM,%RH,26.353
11/11/20, 4:47:01 PM,%RH,39.43
11/11/20, 5:47:01 PM,%RH,48.958
11/11/20, 6:47:01 PM,%RH,57.81
11/11/20, 7:47:01 PM,%RH,59.995
11/11/20, 8:47:01 PM,%RH,51.633
11/11/20, 9:47:01 PM,%RH,51.633
11/11/20, 10:47:01 PM,%RH,53.338
11/11/20, 11:47:01 PM,%RH,53.945
11/12/20, 12:47:01 AM,%RH,53.884
11/12/20, 1:47:01 AM,%RH,57.382
11/12/20, 2:47:01 AM,%RH,55.035
11/12/20, 3:47:01 AM,%RH,53.824
11/12/20, 4:47:01 AM,%RH,54.976
11/12/20, 5:47:01 AM,%RH,53.156
11/12/20, 6:47:01 AM,%RH,54.313
11/12/20, 7:47:01 AM,%RH,40.553
11/12/20, 8:47:01 AM,%RH,23.793
11/12/20, 9:47:01 AM,%RH,19.98
11/12/20, 10:47:01 AM,%RH,19.005
11/12/20, 11:47:01 AM,%RH,14.858
11/12/20, 12:47:01 PM,%RH,13.929
11/12/20, 1:47:01 PM,%RH,20.357
11/12/20, 2:47:01 PM,%RH,22.402
11/12/20, 3:47:01 PM,%RH,30.508
11/12/20, 4:47:01 PM,%RH,39.354
11/12/20, 5:47:01 PM,%RH,43.532
11/12/20, 6:47:01 PM,%RH,53.594
11/12/20, 7:47:01 PM,%RH,52.986
11/12/20, 8:47:01 PM,%RH,54.071
11/12/20, 9:47:01 PM,%RH,56.783
11/12/20, 10:47:01 PM,%RH,53.338
11/12/20, 11:47:01 PM,%RH,50.828
11/13/20, 12:47:01 AM,%RH,47.109
11/13/20, 1:47:01 AM,%RH,45.857
11/13/20, 2:47:01 AM,%RH,46.42
11/13/20, 3:47:01 AM,%RH,45.73
11/13/20, 4:47:01 AM,%RH,47.608
11/13/20, 5:47:01 AM,%RH,51.202
11/13/20, 6:47:01 AM,%RH,51.261
11/13/20, 7:47:01 AM,%RH,28.999
11/13/20, 8:47:01 AM,%RH,23.846
11/13/20, 9:47:01 AM,%RH,20.681
11/13/20, 10:47:01 AM,%RH,18.897
11/13/20, 11:47:01 AM,%RH,20.356
11/13/20, 12:47:01 PM,%RH,22.828
11/13/20, 1:47:01 PM,%RH,27.244
11/13/20, 2:47:01 PM,%RH,37.264
11/13/20, 3:47:01 PM,%RH,45.591
11/13/20, 4:47:01 PM,%RH,50.635
11/13/20, 5:47:01 PM,%RH,63.962
11/13/20, 6:47:01 PM,%RH,70.615
11/13/20, 7:47:01 PM,%RH,72.231
11/13/20, 8:47:01 PM,%RH,71.612
11/13/20, 9:47:01 PM,%RH,72.111
11/13/20, 10:47:01 PM,%RH,74.216
11/13/20, 11:47:01 PM,%RH,73.165
11/14/20, 12:47:01 AM,%RH,74.821
11/14/20, 1:47:01 AM,%RH,78.525
11/14/20, 2:47:01 AM,%RH,75.863
11/14/20, 3:47:01 AM,%RH,77.985
11/14/20, 4:47:01 AM,%RH,82.691
11/14/20, 5:47:01 AM,%RH,81.2
11/14/20, 6:47:01 AM,%RH,61.328
11/14/20, 7:47:01 AM,%RH,41.431
11/14/20, 8:47:01 AM,%RH,31.21
11/14/20, 9:47:01 AM,%RH,25.277
11/14/20, 10:47:01 AM,%RH,15.782
11/14/20, 11:47:01 AM,%RH,12.405
11/14/20, 12:47:01 PM,%RH,7.693
11/14/20, 1:47:01 PM,%RH,7.259
11/14/20, 2:47:01 PM,%RH,8.604
11/14/20, 3:47:01 PM,%RH,7.876
11/14/20, 4:47:01 PM,%RH,12.54
11/14/20, 5:47:01 PM,%RH,13.919
11/14/20, 6:47:01 PM,%RH,10.98
11/14/20, 7:47:01 PM,%RH,15.89
11/14/20, 8:47:01 PM,%RH,17.909
11/14/20, 9:47:01 PM,%RH,20.051
11/14/20, 10:47:01 PM,%RH,21.356
11/14/20, 11:47:01 PM,%RH,21.895
11/15/20, 12:47:01 AM,%RH,23.265
11/15/20, 1:47:01 AM,%RH,23.191
11/15/20, 2:47:01 AM,%RH,24.406
11/15/20, 3:47:01 AM,%RH,26.365
11/15/20, 4:47:01 AM,%RH,27.639
11/15/20, 5:47:01 AM,%RH,30.907
11/15/20, 6:47:01 AM,%RH,29.795
11/15/20, 7:47:01 AM,%RH,20.142
11/15/20, 8:47:01 AM,%RH,17.593
11/15/20, 9:47:01 AM,%RH,13.637
11/15/20, 10:47:01 AM,%RH,13.327
11/15/20, 11:47:01 AM,%RH,12.704
11/15/20, 12:47:01 PM,%RH,13.125
11/15/20, 1:47:01 PM,%RH,17.593
11/15/20, 2:47:01 PM,%RH,18.844
11/15/20, 3:47:01 PM,%RH,20.195
11/15/20, 4:47:01 PM,%RH,24.801
11/15/20, 5:47:01 PM,%RH,27.346
11/15/20, 6:47:01 PM,%RH,27.295
11/15/20, 7:47:01 PM,%RH,26.506
11/15/20, 8:47:01 PM,%RH,31.583
11/15/20, 9:47:01 PM,%RH,33.558
11/15/20, 10:47:01 PM,%RH,34.799
11/15/20, 11:47:01 PM,%RH,32.937
11/16/20, 12:47:01 AM,%RH,32.086
11/16/20, 1:47:01 AM,%RH,29.573
11/16/20, 2:47:01 AM,%RH,30.091
11/16/20, 3:47:01 AM,%RH,30.758
11/16/20, 4:47:01 AM,%RH,33.259
11/16/20, 5:47:01 AM,%RH,31.348
11/16/20, 6:47:01 AM,%RH,31.348
11/16/20, 7:47:01 AM,%RH,19.332
11/16/20, 8:47:01 AM,%RH,15.729
11/16/20, 9:47:01 AM,%RH,11.059
11/16/20, 10:47:01 AM,%RH,11.108
11/16/20, 11:47:01 AM,%RH,9.847
11/16/20, 12:47:01 PM,%RH,8.779
11/16/20, 1:47:01 PM,%RH,10.44
11/16/20, 2:47:01 PM,%RH,10.386
11/16/20, 3:47:01 PM,%RH,12.331
11/16/20, 4:47:01 PM,%RH,15.462
11/16/20, 5:47:01 PM,%RH,18.022
11/16/20, 6:47:01 PM,%RH,20.084
11/16/20, 7:47:01 PM,%RH,21.326
11/16/20, 8:47:01 PM,%RH,23.32
11/16/20, 9:47:01 PM,%RH,24.169
11/16/20, 10:47:01 PM,%RH,26.66
11/16/20, 11:47:01 PM,%RH,28.531
11/17/20, 12:47:01 AM,%RH,30.461
11/17/20, 1:47:01 AM,%RH,31.053
11/17/20, 2:47:01 AM,%RH,33.624
11/17/20, 3:47:01 AM,%RH,34.793
11/17/20, 4:47:01 AM,%RH,36.099
11/17/20, 5:47:01 AM,%RH,34.281
11/17/20, 6:47:01 AM,%RH,36.099
11/17/20, 7:47:01 AM,%RH,22.508
11/17/20, 8:47:01 AM,%RH,18.031
11/17/20, 9:47:01 AM,%RH,14.911
11/17/20, 10:47:01 AM,%RH,13.176
11/17/20, 11:47:01 AM,%RH,13.023
11/17/20, 12:47:01 PM,%RH,12.815
11/17/20, 1:47:01 PM,%RH,15.356
11/17/20, 2:47:01 PM,%RH,18.031
11/17/20, 3:47:01 PM,%RH,19.332
11/17/20, 4:47:01 PM,%RH,34.6
11/17/20, 5:47:01 PM,%RH,48.932
11/17/20, 6:47:01 PM,%RH,57.172
11/17/20, 7:47:01 PM,%RH,58.221
11/17/20, 8:47:01 PM,%RH,54.404
11/17/20, 9:47:01 PM,%RH,42.043
11/17/20, 10:47:01 PM,%RH,45.629
11/17/20, 11:47:01 PM,%RH,43.103
11/18/20, 12:47:01 AM,%RH,39.41
11/18/20, 1:47:01 AM,%RH,39.338
11/18/20, 2:47:01 AM,%RH,39.911
11/18/20, 3:47:01 AM,%RH,42.33
11/18/20, 4:47:01 AM,%RH,44.232
11/18/20, 5:47:01 AM,%RH,46.053
11/18/20, 6:47:01 AM,%RH,47.371
11/18/20, 7:47:01 AM,%RH,30.46
11/18/20, 8:47:01 AM,%RH,24.004
11/18/20, 9:47:01 AM,%RH,21.648
11/18/20, 10:47:01 AM,%RH,27.18
11/18/20, 11:47:01 AM,%RH,27.127
11/18/20, 12:47:01 PM,%RH,33.025
11/18/20, 1:47:01 PM,%RH,51.493
11/18/20, 2:47:01 PM,%RH,63.655
11/18/20, 3:47:01 PM,%RH,72.348
11/18/20, 4:47:01 PM,%RH,89.928
11/18/20, 5:47:01 PM,%RH,101.536
11/18/20, 6:47:01 PM,%RH,98.301
11/18/20, 7:47:01 PM,%RH,96.856
11/18/20, 8:47:01 PM,%RH,96.217
11/18/20, 9:47:01 PM,%RH,97.521
11/18/20, 10:47:01 PM,%RH,105.206
11/18/20, 11:47:01 PM,%RH,107.845
11/19/20, 12:47:01 AM,%RH,108.135
11/19/20, 1:47:01 AM,%RH,109.895
11/19/20, 2:47:01 AM,%RH,109.412
11/19/20, 3:47:01 AM,%RH,108.449
11/19/20, 4:47:01 AM,%RH,108.93
11/19/20, 5:47:01 AM,%RH,108.489
11/19/20, 6:47:01 AM,%RH,97.572
11/19/20, 7:47:01 AM,%RH,50.274
11/19/20, 8:47:01 AM,%RH,39.052
11/19/20, 9:47:01 AM,%RH,31.367
11/19/20, 10:47:01 AM,%RH,26.868
11/19/20, 11:47:01 AM,%RH,22.129
11/19/20, 12:47:01 PM,%RH,22.022
11/19/20, 1:47:01 PM,%RH,31.578
11/19/20, 2:47:01 PM,%RH,37.541
11/19/20, 3:47:01 PM,%RH,49.567
11/19/20, 4:47:01 PM,%RH,62.332
11/19/20, 5:47:01 PM,%RH,69.973
11/19/20, 6:47:01 PM,%RH,41.661
11/19/20, 7:47:01 PM,%RH,42.89
11/19/20, 8:47:01 PM,%RH,42.637
11/19/20, 9:47:01 PM,%RH,45.576
11/19/20, 10:47:01 PM,%RH,46.61
11/19/20, 11:47:01 PM,%RH,48.958
11/20/20, 12:47:01 AM,%RH,44.165
11/20/20, 1:47:01 AM,%RH,44.724
11/20/20, 2:47:01 AM,%RH,44.797
11/20/20, 3:47:01 AM,%RH,43.756
11/20/20, 4:47:01 AM,%RH,44.724
11/20/20, 5:47:01 AM,%RH,48.888
11/20/20, 6:47:01 AM,%RH,48.818
11/20/20, 7:47:01 AM,%RH,28.03
11/20/20, 8:47:01 AM,%RH,22.881
11/20/20, 9:47:01 AM,%RH,21.755
11/20/20, 10:47:01 AM,%RH,17.466
11/20/20, 11:47:01 AM,%RH,15.43
11/20/20, 12:47:01 PM,%RH,17.912
11/20/20, 1:47:01 PM,%RH,19.005
11/20/20, 2:47:01 PM,%RH,21.648
11/20/20, 3:47:01 PM,%RH,24.215
11/20/20, 4:47:01 PM,%RH,31.331
11/20/20, 5:47:01 PM,%RH,33.212
11/20/20, 6:47:01 PM,%RH,34.463
11/20/20, 7:47:01 PM,%RH,36.424
11/20/20, 8:47:01 PM,%RH,35.088
11/20/20, 9:47:01 PM,%RH,36.962
11/20/20, 10:47:01 PM,%RH,37.668
11/20/20, 11:47:01 PM,%RH,39.278
11/21/20, 12:47:01 AM,%RH,41.132
11/21/20, 1:47:01 AM,%RH,40.983
11/21/20, 2:47:01 AM,%RH,42.752
11/21/20, 3:47:01 AM,%RH,43.948
11/21/20, 4:47:01 AM,%RH,40.269
11/21/20, 5:47:01 AM,%RH,38.336
11/21/20, 6:47:01 AM,%RH,38.837
11/21/20, 7:47:01 AM,%RH,23.363
11/21/20, 8:47:01 AM,%RH,19.547
11/21/20, 9:47:01 AM,%RH,19.165
11/21/20, 10:47:01 AM,%RH,15.379
11/21/20, 11:47:01 AM,%RH,14.509
11/21/20, 12:47:01 PM,%RH,15.677
11/21/20, 1:47:01 PM,%RH,17.432
11/21/20, 2:47:01 PM,%RH,16.014
11/21/20, 3:47:01 PM,%RH,18.573
11/21/20, 4:47:01 PM,%RH,20.357
11/21/20, 5:47:01 PM,%RH,24.278
11/21/20, 6:47:01 PM,%RH,26.891
11/21/20, 7:47:01 PM,%RH,28.168
11/21/20, 8:47:01 PM,%RH,30.241
11/21/20, 9:47:01 PM,%RH,30.832
11/21/20, 10:47:01 PM,%RH,32.086
11/21/20, 11:47:01 PM,%RH,31.422
11/22/20, 12:47:01 AM,%RH,31.937
11/22/20, 1:47:01 AM,%RH,34.5
11/22/20, 2:47:01 AM,%RH,35.082
11/22/20, 3:47:01 AM,%RH,35.736
11/22/20, 4:47:01 AM,%RH,34.5
11/22/20, 5:47:01 AM,%RH,34.427
11/22/20, 6:47:01 AM,%RH,34.354
11/22/20, 7:47:01 AM,%RH,23.204
11/22/20, 8:47:01 AM,%RH,18.085
11/22/20, 9:47:01 AM,%RH,17.098
11/22/20, 10:47:01 AM,%RH,13.895
11/22/20, 11:47:01 AM,%RH,13.895
11/22/20, 12:47:01 PM,%RH,14.302
11/22/20, 1:47:01 PM,%RH,17.378
11/22/20, 2:47:01 PM,%RH,24.162
11/22/20, 3:47:01 PM,%RH,31.479
11/22/20, 4:47:01 PM,%RH,35.223
11/22/20, 5:47:01 PM,%RH,48.778
11/22/20, 6:47:01 PM,%RH,48.628
11/22/20, 7:47:01 PM,%RH,52.649
11/22/20, 8:47:01 PM,%RH,49.577
11/22/20, 9:47:01 PM,%RH,50.055
11/22/20, 10:47:01 PM,%RH,51.085
11/22/20, 11:47:01 PM,%RH,48.061
11/23/20, 12:47:01 AM,%RH,51.569
11/23/20, 1:47:01 AM,%RH,48.549
11/23/20, 2:47:01 AM,%RH,47.862
11/23/20, 3:47:01 AM,%RH,44.729
11/23/20, 4:47:01 AM,%RH,45.293
11/23/20, 5:47:01 AM,%RH,45.922
11/23/20, 6:47:01 AM,%RH,39.567
11/23/20, 7:47:01 AM,%RH,29.498
11/23/20, 8:47:01 AM,%RH,22.508
11/23/20, 9:47:01 AM,%RH,18.844
11/23/20, 10:47:01 AM,%RH,16.992
11/23/20, 11:47:01 AM,%RH,15.517
11/23/20, 12:47:01 PM,%RH,19.493
11/23/20, 1:47:01 PM,%RH,23.898
11/23/20, 2:47:01 PM,%RH,29.146
11/23/20, 3:47:01 PM,%RH,35.801
11/23/20, 4:47:01 PM,%RH,42.276
11/23/20, 5:47:01 PM,%RH,46.983
11/23/20, 6:47:01 PM,%RH,48.232
11/23/20, 7:47:01 PM,%RH,48.703
11/23/20, 8:47:01 PM,%RH,49.029
11/23/20, 9:47:01 PM,%RH,49.794
11/23/20, 10:47:01 PM,%RH,53.189
11/23/20, 11:47:01 PM,%RH,47.787
11/24/20, 12:47:01 AM,%RH,42.335
11/24/20, 1:47:01 AM,%RH,50.741
11/24/20, 2:47:01 AM,%RH,60.057
11/24/20, 3:47:01 AM,%RH,64.034
11/24/20, 4:47:01 AM,%RH,58.216
11/24/20, 5:47:01 AM,%RH,66.697
11/24/20, 6:47:01 AM,%RH,62.229
11/24/20, 7:47:01 AM,%RH,33.792
11/24/20, 8:47:01 AM,%RH,27.346
11/24/20, 9:47:01 AM,%RH,22.345
11/24/20, 10:47:01 AM,%RH,18.3
11/24/20, 11:47:01 AM,%RH,17.486
11/24/20, 12:47:01 PM,%RH,18.628
11/24/20, 1:47:01 PM,%RH,19.709
11/24/20, 2:47:01 PM,%RH,20.303
11/24/20, 3:47:01 PM,%RH,21.596
11/24/20, 4:47:01 PM,%RH,22.135
11/24/20, 5:47:01 PM,%RH,24.765
11/24/20, 6:47:01 PM,%RH,30.091
11/24/20, 7:47:01 PM,%RH,32.451
11/24/20, 8:47:01 PM,%RH,36.243
11/24/20, 9:47:01 PM,%RH,37.4
11/24/20, 10:47:01 PM,%RH,39.268
11/24/20, 11:47:01 PM,%RH,40.414
11/25/20, 12:47:01 AM,%RH,41.693
11/25/20, 1:47:01 AM,%RH,42.898
11/25/20, 2:47:01 AM,%RH,42.898
11/25/20, 3:47:01 AM,%RH,45.293
11/25/20, 4:47:01 AM,%RH,46.484
11/25/20, 5:47:01 AM,%RH,49.595
11/25/20, 6:47:01 AM,%RH,50.767
11/25/20, 7:47:01 AM,%RH,31.583
11/25/20, 8:47:01 AM,%RH,25.817
11/25/20, 9:47:01 AM,%RH,22.132
11/25/20, 10:47:01 AM,%RH,18.951
11/25/20, 11:47:01 AM,%RH,27.707
11/25/20, 12:47:01 PM,%RH,30.327
11/25/20, 1:47:01 PM,%RH,35.315
11/25/20, 2:47:01 PM,%RH,46.346
11/25/20, 3:47:01 PM,%RH,59.359
11/25/20, 4:47:01 PM,%RH,68.503
11/25/20, 5:47:01 PM,%RH,86.428
11/25/20, 6:47:01 PM,%RH,98.161
11/25/20, 7:47:01 PM,%RH,93.304
11/25/20, 8:47:01 PM,%RH,69.687
11/25/20, 9:47:01 PM,%RH,64.919
11/25/20, 10:47:01 PM,%RH,56.884
11/25/20, 11:47:01 PM,%RH,55.752
11/26/20, 12:47:01 AM,%RH,57.553
11/26/20, 1:47:01 AM,%RH,58.471
11/26/20, 2:47:01 AM,%RH,54.404
11/26/20, 3:47:01 AM,%RH,53.729
11/26/20, 4:47:01 AM,%RH,52.443
11/26/20, 5:47:01 AM,%RH,46.395
11/26/20, 6:47:01 AM,%RH,45.629
11/26/20, 7:47:01 AM,%RH,29.779
11/26/20, 8:47:01 AM,%RH,27.142
11/26/20, 9:47:01 AM,%RH,22.025
11/26/20, 10:47:01 AM,%RH,18.519
11/26/20, 11:47:01 AM,%RH,19.6
11/26/20, 12:47:01 PM,%RH,23.098
11/26/20, 1:47:01 PM,%RH,17.909
11/26/20, 2:47:01 PM,%RH,14.285
11/26/20, 3:47:01 PM,%RH,13.507
11/26/20, 4:47:01 PM,%RH,13.766
11/26/20, 5:47:01 PM,%RH,15.1
11/26/20, 6:47:01 PM,%RH,15.027
11/26/20, 7:47:01 PM,%RH,16.132
11/26/20, 8:47:01 PM,%RH,17.527
11/26/20, 9:47:01 PM,%RH,16.979
11/26/20, 10:47:01 PM,%RH,16.831
11/26/20, 11:47:01 PM,%RH,14.88
11/27/20, 12:47:01 AM,%RH,17.85
11/27/20, 1:47:01 AM,%RH,16.831
11/27/20, 2:47:01 AM,%RH,21.08
11/27/20, 3:47:01 AM,%RH,22.526
11/27/20, 4:47:01 AM,%RH,24.277
11/27/20, 5:47:01 AM,%RH,25.634
11/27/20, 6:47:01 AM,%RH,21.303
11/27/20, 7:47:01 AM,%RH,16.373
11/27/20, 8:47:01 AM,%RH,13.919
11/27/20, 9:47:01 AM,%RH,11.387
11/27/20, 10:47:01 AM,%RH,10.167
11/27/20, 11:47:01 AM,%RH,9.998
11/27/20, 12:47:01 PM,%RH,10.55
11/27/20, 1:47:01 PM,%RH,10.8
11/27/20, 2:47:01 PM,%RH,12.246
11/27/20, 3:47:01 PM,%RH,12.847
11/27/20, 4:47:01 PM,%RH,12.726
11/27/20, 5:47:01 PM,%RH,16.979
11/27/20, 6:47:01 PM,%RH,17.527
11/27/20, 7:47:01 PM,%RH,18.693
11/27/20, 8:47:01 PM,%RH,18.222
11/27/20, 9:47:01 PM,%RH,18.148
11/27/20, 10:47:01 PM,%RH,17.601
11/27/20, 11:47:01 PM,%RH,18.841
11/28/20, 12:47:01 AM,%RH,19.31
11/28/20, 1:47:01 AM,%RH,20.223
11/28/20, 2:47:01 AM,%RH,22.599
11/28/20, 3:47:01 AM,%RH,22.673
11/28/20, 4:47:01 AM,%RH,19.064
11/28/20, 5:47:01 AM,%RH,20.764
11/28/20, 6:47:01 AM,%RH,21.525
11/28/20, 7:47:01 AM,%RH,15.291
11/28/20, 8:47:01 AM,%RH,13.543
11/28/20, 9:47:01 AM,%RH,11.054
11/28/20, 10:47:01 AM,%RH,10.44
11/28/20, 11:47:01 AM,%RH,11.054
11/28/20, 12:47:01 PM,%RH,12.331
11/28/20, 1:47:01 PM,%RH,13.259
11/28/20, 2:47:01 PM,%RH,13.201
11/28/20, 3:47:01 PM,%RH,13.744
11/28/20, 4:47:01 PM,%RH,16.575
11/28/20, 5:47:01 PM,%RH,18.444
11/28/20, 6:47:01 PM,%RH,22.895
11/28/20, 7:47:01 PM,%RH,22.821
11/28/20, 8:47:01 PM,%RH,24.184
11/28/20, 9:47:01 PM,%RH,24.717
11/28/20, 10:47:01 PM,%RH,25.998
11/28/20, 11:47:01 PM,%RH,25.395
11/29/20, 12:47:01 AM,%RH,27.274
11/29/20, 1:47:01 AM,%RH,25.853
11/29/20, 2:47:01 AM,%RH,27.129
11/29/20, 3:47:01 AM,%RH,27.802
11/29/20, 4:47:01 AM,%RH,25.249
11/29/20, 5:47:01 AM,%RH,27.202
11/29/20, 6:47:01 AM,%RH,27.874
11/29/20, 7:47:01 AM,%RH,16.772
11/29/20, 8:47:01 AM,%RH,13.049
11/29/20, 9:47:01 AM,%RH,10.599
11/29/20, 10:47:01 AM,%RH,9.928
11/29/20, 11:47:01 AM,%RH,9.356
11/29/20, 12:47:01 PM,%RH,10.44
11/29/20, 1:47:01 PM,%RH,11.33
11/29/20, 2:47:01 PM,%RH,12.713
11/29/20, 3:47:01 PM,%RH,12.656
11/29/20, 4:47:01 PM,%RH,14.461
11/29/20, 5:47:01 PM,%RH,17.97
11/29/20, 6:47:01 PM,%RH,19.211
11/29/20, 7:47:01 PM,%RH,20.446
11/29/20, 8:47:01 PM,%RH,20.446
11/29/20, 9:47:01 PM,%RH,21.673
11/29/20, 10:47:01 PM,%RH,20.372
11/29/20, 11:47:01 PM,%RH,22.359
11/30/20, 12:47:01 AM,%RH,21.599
11/30/20, 1:47:01 AM,%RH,23.504
11/30/20, 2:47:01 AM,%RH,22.285
11/30/20, 3:47:01 AM,%RH,22.285
11/30/20, 4:47:01 AM,%RH,22.895
11/30/20, 5:47:01 AM,%RH,22.211
11/30/20, 6:47:01 AM,%RH,23.43
11/30/20, 7:47:01 AM,%RH,17.425
11/30/20, 8:47:01 AM,%RH,12.882
11/30/20, 9:47:01 AM,%RH,11.937
11/30/20, 10:47:01 AM,%RH,10.133
11/30/20, 11:47:01 AM,%RH,8.679
11/30/20, 12:47:01 PM,%RH,9.822
11/30/20, 1:47:01 PM,%RH,9.273
11/30/20, 2:47:01 PM,%RH,11.273
11/30/20, 3:47:01 PM,%RH,13.316
11/30/20, 4:47:01 PM,%RH,13.861
11/30/20, 5:47:01 PM,%RH,13.084
11/30/20, 6:47:01 PM,%RH,13.567
11/30/20, 7:47:01 PM,%RH,15.875
11/30/20, 8:47:01 PM,%RH,17.2
11/30/20, 9:47:01 PM,%RH,20.297
11/30/20, 10:47:01 PM,%RH,18.37
11/30/20, 11:47:01 PM,%RH,20.223
12/1/20, 12:47:01 AM,%RH,19.459
12/1/20, 1:47:01 AM,%RH,19.926
12/1/20, 2:47:01 AM,%RH,19.236
12/1/20, 3:47:01 AM,%RH,18.693
12/1/20, 4:47:01 AM,%RH,17.453
12/1/20, 5:47:01 AM,%RH,15.507
12/1/20, 6:47:01 AM,%RH,16.132
12/1/20, 7:47:01 AM,%RH,12.051
12/1/20, 8:47:01 AM,%RH,9.875
12/1/20, 9:47:01 AM,%RH,10.547
12/1/20, 10:47:01 AM,%RH,8.729
12/1/20, 11:47:01 AM,%RH,7.899
12/1/20, 12:47:01 PM,%RH,7.693
12/1/20, 1:47:01 PM,%RH,8.66
12/1/20, 2:47:01 PM,%RH,10.722
12/1/20, 3:47:01 PM,%RH,9.884
12/1/20, 4:47:01 PM,%RH,11.936
12/1/20, 5:47:01 PM,%RH,13.685
12/1/20, 6:47:01 PM,%RH,17.028
12/1/20, 7:47:01 PM,%RH,17.273
12/1/20, 8:47:01 PM,%RH,18.37
12/1/20, 9:47:01 PM,%RH,18.444
12/1/20, 10:47:01 PM,%RH,18.99
12/1/20, 11:47:01 PM,%RH,21.599
12/2/20, 12:47:01 AM,%RH,19.681
12/2/20, 1:47:01 AM,%RH,20.372
12/2/20, 2:47:01 AM,%RH,21.599
12/2/20, 3:47:01 AM,%RH,20.297
12/2/20, 4:47:01 AM,%RH,20.223
12/2/20, 5:47:01 AM,%RH,22.285
12/2/20, 6:47:01 AM,%RH,22.895
12/2/20, 7:47:01 AM,%RH,16.716
12/2/20, 8:47:01 AM,%RH,12.994
12/2/20, 9:47:01 AM,%RH,11.216
12/2/20, 10:47:01 AM,%RH,10.031
12/2/20, 11:47:01 AM,%RH,9.356
12/2/20, 12:47:01 PM,%RH,12.709
12/2/20, 1:47:01 PM,%RH,11.994
12/2/20, 2:47:01 PM,%RH,12.713
12/2/20, 3:47:01 PM,%RH,13.316
12/2/20, 4:47:01 PM,%RH,15.947
12/2/20, 5:47:01 PM,%RH,15.833
12/2/20, 6:47:01 PM,%RH,18.506
12/2/20, 7:47:01 PM,%RH,17.085
12/2/20, 8:47:01 PM,%RH,14.943
12/2/20, 9:47:01 PM,%RH,16.502
12/2/20, 10:47:01 PM,%RH,18.518
12/2/20, 11:47:01 PM,%RH,17.823
12/3/20, 12:47:01 AM,%RH,18.444
12/3/20, 1:47:01 AM,%RH,18.37
12/3/20, 2:47:01 AM,%RH,17.601
12/3/20, 3:47:01 AM,%RH,18.915
12/3/20, 4:47:01 AM,%RH,18.915
12/3/20, 5:47:01 AM,%RH,18.148
12/3/20, 6:47:01 AM,%RH,20.075
12/3/20, 7:47:01 AM,%RH,15.775
12/3/20, 8:47:01 AM,%RH,13.861
12/3/20, 9:47:01 AM,%RH,10.665
12/3/20, 10:47:01 AM,%RH,10.778
12/3/20, 11:47:01 AM,%RH,8.604
12/3/20, 12:47:01 PM,%RH,8.923
12/3/20, 1:47:01 PM,%RH,8.619
12/3/20, 2:47:01 PM,%RH,7.888
12/3/20, 3:47:01 PM,%RH,10.615
12/3/20, 4:47:01 PM,%RH,10.712
12/3/20, 5:47:01 PM,%RH,10.931
12/3/20, 6:47:01 PM,%RH,10.931
12/3/20, 7:47:01 PM,%RH,12.059
12/3/20, 8:47:01 PM,%RH,14.356
12/3/20, 9:47:01 PM,%RH,16.306
12/3/20, 10:47:01 PM,%RH,15.607
12/3/20, 11:47:01 PM,%RH,14.907
12/4/20, 12:47:01 AM,%RH,15.058
12/4/20, 1:47:01 AM,%RH,16.078
12/4/20, 2:47:01 AM,%RH,15.531
12/4/20, 3:47:01 AM,%RH,15.379
12/4/20, 4:47:01 AM,%RH,14.831
12/4/20, 5:47:01 AM,%RH,16.155
12/4/20, 6:47:01 AM,%RH,16.852
12/4/20, 7:47:01 AM,%RH,13.026
12/4/20, 8:47:01 AM,%RH,9.1
12/4/20, 9:47:01 AM,%RH,8.716
12/4/20, 10:47:01 AM,%RH,6.963
12/4/20, 11:47:01 AM,%RH,6.91
12/4/20, 12:47:01 PM,%RH,5.796
12/4/20, 1:47:01 PM,%RH,6.854
12/4/20, 2:47:01 PM,%RH,6.001
12/4/20, 3:47:01 PM,%RH,7.219
12/4/20, 4:47:01 PM,%RH,8.366
12/4/20, 5:47:01 PM,%RH,10.976
12/4/20, 6:47:01 PM,%RH,11.126
12/4/20, 7:47:01 PM,%RH,13.099
12/4/20, 8:47:01 PM,%RH,15.058
12/4/20, 9:47:01 PM,%RH,13.653
12/4/20, 10:47:01 PM,%RH,14.983
12/4/20, 11:47:01 PM,%RH,15.455
12/5/20, 12:47:01 AM,%RH,14.831
12/5/20, 1:47:01 AM,%RH,14.678
12/5/20, 2:47:01 AM,%RH,14.205
12/5/20, 3:47:01 AM,%RH,14.754
12/5/20, 4:47:01 AM,%RH,15.302
12/5/20, 5:47:01 AM,%RH,14.128
12/5/20, 6:47:01 AM,%RH,14.205
12/5/20, 7:47:01 AM,%RH,13.653
12/5/20, 8:47:01 AM,%RH,13.398
12/5/20, 9:47:01 AM,%RH,10.553
12/5/20, 10:47:01 AM,%RH,9.044
12/5/20, 11:47:01 AM,%RH,6.282
12/5/20, 12:47:01 PM,%RH,6.64
12/5/20, 1:47:01 PM,%RH,6.122
12/5/20, 2:47:01 PM,%RH,6.062
12/5/20, 3:47:01 PM,%RH,7.282
12/5/20, 4:47:01 PM,%RH,7.568
12/5/20, 5:47:01 PM,%RH,27.712
12/5/20, 6:47:01 PM,%RH,29.502
12/5/20, 7:47:01 PM,%RH,16.682
12/5/20, 8:47:01 PM,%RH,15.834
12/5/20, 9:47:01 PM,%RH,15.058
12/5/20, 10:47:01 PM,%RH,16.306
12/5/20, 11:47:01 PM,%RH,17.549
12/6/20, 12:47:01 AM,%RH,17.473
12/6/20, 1:47:01 AM,%RH,16.382
12/6/20, 2:47:01 AM,%RH,19.478
12/6/20, 3:47:01 AM,%RH,19.478
12/6/20, 4:47:01 AM,%RH,18.936
12/6/20, 5:47:01 AM,%RH,18.861
12/6/20, 6:47:01 AM,%RH,19.628
12/6/20, 7:47:01 AM,%RH,14.285
12/6/20, 8:47:01 AM,%RH,11.762
12/6/20, 9:47:01 AM,%RH,10.277
12/6/20, 10:47:01 AM,%RH,8.474
12/6/20, 11:47:01 AM,%RH,8.577
12/6/20, 12:47:01 PM,%RH,8.882
12/6/20, 1:47:01 PM,%RH,8.66
12/6/20, 2:47:01 PM,%RH,8.66
12/6/20, 3:47:01 PM,%RH,12.656
12/6/20, 4:47:01 PM,%RH,20.678
12/6/20, 5:47:01 PM,%RH,26.438
12/6/20, 6:47:01 PM,%RH,25.615
12/6/20, 7:47:01 PM,%RH,24.864
12/6/20, 8:47:01 PM,%RH,24.111
12/6/20, 9:47:01 PM,%RH,24.79
12/6/20, 10:47:01 PM,%RH,26.746
12/6/20, 11:47:01 PM,%RH,28.019
12/7/20, 12:47:01 AM,%RH,28.617
12/7/20, 1:47:01 AM,%RH,29.881
12/7/20, 2:47:01 AM,%RH,28.689
12/7/20, 3:47:01 AM,%RH,24.79
12/7/20, 4:47:01 AM,%RH,20.838
12/7/20, 5:47:01 AM,%RH,17.601
12/7/20, 6:47:01 AM,%RH,14.177
12/7/20, 7:47:01 AM,%RH,12.847
12/7/20, 8:47:01 AM,%RH,12.305
12/7/20, 9:47:01 AM,%RH,12.598
12/7/20, 10:47:01 AM,%RH,13.213
12/7/20, 11:47:01 AM,%RH,11.721
12/7/20, 12:47:01 PM,%RH,14.203
12/7/20, 1:47:01 PM,%RH,13.487
12/7/20, 2:47:01 PM,%RH,13.543
12/7/20, 3:47:01 PM,%RH,14.147
12/7/20, 4:47:01 PM,%RH,13.976
12/7/20, 5:47:01 PM,%RH,13.861
12/7/20, 6:47:01 PM,%RH,11.936
12/7/20, 7:47:01 PM,%RH,11.878
12/7/20, 8:47:01 PM,%RH,13.861
12/7/20, 9:47:01 PM,%RH,13.084
12/7/20, 10:47:01 PM,%RH,13.744
12/7/20, 11:47:01 PM,%RH,16.97
12/8/20, 12:47:01 AM,%RH,16.315
12/8/20, 1:47:01 AM,%RH,15.119
12/8/20, 2:47:01 AM,%RH,15.717
12/8/20, 3:47:01 AM,%RH,17.273
12/8/20, 4:47:01 AM,%RH,15.6
12/8/20, 5:47:01 AM,%RH,14.943
12/8/20, 6:47:01 AM,%RH,15.542
12/8/20, 7:47:01 AM,%RH,10.055
12/8/20, 8:47:01 AM,%RH,8.422
12/8/20, 9:47:01 AM,%RH,7.48
12/8/20, 10:47:01 AM,%RH,9.553
12/8/20, 11:47:01 AM,%RH,7.848
12/8/20, 12:47:01 PM,%RH,8.1
12/8/20, 1:47:01 PM,%RH,9.216
12/8/20, 2:47:01 PM,%RH,8.431
12/8/20, 3:47:01 PM,%RH,9.158
12/8/20, 4:47:01 PM,%RH,9.042
12/8/20, 5:47:01 PM,%RH,10.196
12/8/20, 6:47:01 PM,%RH,12.064
12/8/20, 7:47:01 PM,%RH,13.447
12/8/20, 8:47:01 PM,%RH,14.166
12/8/20, 9:47:01 PM,%RH,14.106
12/8/20, 10:47:01 PM,%RH,14.825
12/8/20, 11:47:01 PM,%RH,12.786
12/9/20, 12:47:01 AM,%RH,14.106
12/9/20, 1:47:01 AM,%RH,14.953
12/9/20, 2:47:01 AM,%RH,16.905
12/9/20, 3:47:01 AM,%RH,17.527
12/9/20, 4:47:01 AM,%RH,18.148
12/9/20, 5:47:01 AM,%RH,19.385
12/9/20, 6:47:01 AM,%RH,18.148
12/9/20, 7:47:01 AM,%RH,17.601
12/9/20, 8:47:01 AM,%RH,14.461
12/9/20, 9:47:01 AM,%RH,11.83
12/9/20, 10:47:01 AM,%RH,9.305
12/9/20, 11:47:01 AM,%RH,8.049
12/9/20, 12:47:01 PM,%RH,10.547
12/9/20, 1:47:01 PM,%RH,11.5
12/9/20, 2:47:01 PM,%RH,12.107
12/9/20, 3:47:01 PM,%RH,18.464
12/9/20, 4:47:01 PM,%RH,20.139
12/9/20, 5:47:01 PM,%RH,22.729
12/9/20, 6:47:01 PM,%RH,25.91
12/9/20, 7:47:01 PM,%RH,32.305
12/9/20, 8:47:01 PM,%RH,38.553
12/9/20, 9:47:01 PM,%RH,39.128
12/9/20, 10:47:01 PM,%RH,30.025
12/9/20, 11:47:01 PM,%RH,34.439
12/10/20, 12:47:01 AM,%RH,34.301
12/10/20, 1:47:01 AM,%RH,29.881
12/10/20, 2:47:01 AM,%RH,30.405
12/10/20, 3:47:01 AM,%RH,34.232
12/10/20, 4:47:01 AM,%RH,33.574
12/10/20, 5:47:01 AM,%RH,34.163
12/10/20, 6:47:01 AM,%RH,36.645
12/10/20, 7:47:01 AM,%RH,25.307
12/10/20, 8:47:01 AM,%RH,22.043
12/10/20, 9:47:01 AM,%RH,18.618
12/10/20, 10:47:01 AM,%RH,18.736
12/10/20, 11:47:01 AM,%RH,22.292
12/10/20, 12:47:01 PM,%RH,26.762
12/10/20, 1:47:01 PM,%RH,37.176
12/10/20, 2:47:01 PM,%RH,39.117
12/10/20, 3:47:01 PM,%RH,53.79
12/10/20, 4:47:01 PM,%RH,71.659
12/10/20, 5:47:01 PM,%RH,86.495
12/10/20, 6:47:01 PM,%RH,101.824
12/10/20, 7:47:01 PM,%RH,104.946
12/10/20, 8:47:01 PM,%RH,108.891
12/10/20, 9:47:01 PM,%RH,109.26
12/10/20, 10:47:01 PM,%RH,109.699
12/10/20, 11:47:01 PM,%RH,109.668
12/11/20, 12:47:01 AM,%RH,110.077
12/11/20, 1:47:01 AM,%RH,102.49
12/11/20, 2:47:01 AM,%RH,106.982
12/11/20, 3:47:01 AM,%RH,106.563
12/11/20, 4:47:01 AM,%RH,105.277
12/11/20, 5:47:01 AM,%RH,101.171
12/11/20, 6:47:01 AM,%RH,91.957
12/11/20, 7:47:01 AM,%RH,87.969
12/11/20, 8:47:01 AM,%RH,78.263
12/11/20, 9:47:01 AM,%RH,69.899
12/11/20, 10:47:01 AM,%RH,43.981
12/11/20, 11:47:01 AM,%RH,56.242
12/11/20, 12:47:01 PM,%RH,50.721
12/11/20, 1:47:01 PM,%RH,55.597
12/11/20, 2:47:01 PM,%RH,58.675
12/11/20, 3:47:01 PM,%RH,62.067
12/11/20, 4:47:01 PM,%RH,76.416
12/11/20, 5:47:01 PM,%RH,86.238
12/11/20, 6:47:01 PM,%RH,97.471
12/11/20, 7:47:01 PM,%RH,104.861
12/11/20, 8:47:01 PM,%RH,104.786
12/11/20, 9:47:01 PM,%RH,103.909
12/11/20, 10:47:01 PM,%RH,98.664
12/11/20, 11:47:01 PM,%RH,95.744
12/12/20, 12:47:01 AM,%RH,94.312
12/12/20, 1:47:01 AM,%RH,87.798
12/12/20, 2:47:01 AM,%RH,79.992
12/12/20, 3:47:01 AM,%RH,75.316
12/12/20, 4:47:01 AM,%RH,65.19
12/12/20, 5:47:01 AM,%RH,67.429
12/12/20, 6:47:01 AM,%RH,68.112
12/12/20, 7:47:01 AM,%RH,72.61
12/12/20, 8:47:01 AM,%RH,43.771
12/12/20, 9:47:01 AM,%RH,47.23
12/12/20, 10:47:01 AM,%RH,49.092
12/12/20, 11:47:01 AM,%RH,49.896
12/12/20, 12:47:01 PM,%RH,53.442
12/12/20, 1:47:01 PM,%RH,54.025
12/12/20, 2:47:01 PM,%RH,54.608
12/12/20, 3:47:01 PM,%RH,54.474
12/12/20, 4:47:01 PM,%RH,59.892
12/12/20, 5:47:01 PM,%RH,65.636
12/12/20, 6:47:01 PM,%RH,65.482
12/12/20, 7:47:01 PM,%RH,64.324
12/12/20, 8:47:01 PM,%RH,62.501
12/12/20, 9:47:01 PM,%RH,58.368
12/12/20, 10:47:01 PM,%RH,57.172
12/12/20, 11:47:01 PM,%RH,54.763
12/13/20, 12:47:01 AM,%RH,52.649
12/13/20, 1:47:01 AM,%RH,43.244
12/13/20, 2:47:01 AM,%RH,35.663
12/13/20, 3:47:01 AM,%RH,30.461
12/13/20, 4:47:01 AM,%RH,31.57
12/13/20, 5:47:01 AM,%RH,35.234
12/13/20, 6:47:01 AM,%RH,42.062
12/13/20, 7:47:01 AM,%RH,37.471
12/13/20, 8:47:01 AM,%RH,26.1
12/13/20, 9:47:01 AM,%RH,24.095
12/13/20, 10:47:01 AM,%RH,14.535
12/13/20, 11:47:01 AM,%RH,19.493
12/13/20, 12:47:01 PM,%RH,16.995
12/13/20, 1:47:01 PM,%RH,16.285
12/13/20, 2:47:01 PM,%RH,16.716
12/13/20, 3:47:01 PM,%RH,22.188
12/13/20, 4:47:01 PM,%RH,30.222
12/13/20, 5:47:01 PM,%RH,41.132
12/13/20, 6:47:01 PM,%RH,46.61
12/13/20, 7:47:01 PM,%RH,54.01
12/13/20, 8:47:01 PM,%RH,61.947
12/13/20, 9:47:01 PM,%RH,64.793
12/13/20, 10:47:01 PM,%RH,72.448
12/13/20, 11:47:01 PM,%RH,68.513
12/14/20, 12:47:01 AM,%RH,68.927
12/14/20, 1:47:01 AM,%RH,72.3
12/14/20, 2:47:01 AM,%RH,71.742
12/14/20, 3:47:01 AM,%RH,71.182
12/14/20, 4:47:01 AM,%RH,72.3
12/14/20, 5:47:01 AM,%RH,72.3
12/14/20, 6:47:01 AM,%RH,75.023
12/14/20, 7:47:01 AM,%RH,64.214
12/14/20, 8:47:01 AM,%RH,41.007
12/14/20, 9:47:01 AM,%RH,40.311
12/14/20, 10:47:01 AM,%RH,49.356
12/14/20, 11:47:01 AM,%RH,34.788
12/14/20, 12:47:01 PM,%RH,33.027
12/14/20, 1:47:01 PM,%RH,37.261
12/14/20, 2:47:01 PM,%RH,42.261
12/14/20, 3:47:01 PM,%RH,45.282
12/14/20, 4:47:01 PM,%RH,53.594
12/14/20, 5:47:01 PM,%RH,53.661
12/14/20, 6:47:01 PM,%RH,55.477
12/14/20, 7:47:01 PM,%RH,56.146
12/14/20, 8:47:01 PM,%RH,57.278
12/14/20, 9:47:01 PM,%RH,54.136
12/14/20, 10:47:01 PM,%RH,50.125
12/14/20, 11:47:01 PM,%RH,46.256
12/15/20, 12:47:01 AM,%RH,43.737
12/15/20, 1:47:01 AM,%RH,47.575
12/15/20, 2:47:01 AM,%RH,52.376
12/15/20, 3:47:01 AM,%RH,55.218
12/15/20, 4:47:01 AM,%RH,58.216
12/15/20, 5:47:01 AM,%RH,59.876
12/15/20, 6:47:01 AM,%RH,47.438
12/15/20, 7:47:01 AM,%RH,37.411
12/15/20, 8:47:01 AM,%RH,26.455
12/15/20, 9:47:01 AM,%RH,21.864
12/15/20, 10:47:01 AM,%RH,19.872
12/15/20, 11:47:01 AM,%RH,20.034
12/15/20, 12:47:01 PM,%RH,21.058
12/15/20, 1:47:01 PM,%RH,24.121
12/15/20, 2:47:01 PM,%RH,24.069
12/15/20, 3:47:01 PM,%RH,22.803
12/15/20, 4:47:01 PM,%RH,27.859
12/15/20, 5:47:01 PM,%RH,30.907
12/15/20, 6:47:01 PM,%RH,28.605
12/15/20, 7:47:01 PM,%RH,29.2
12/15/20, 8:47:01 PM,%RH,36.539
12/15/20, 9:47:01 PM,%RH,39.703
12/15/20, 10:47:01 PM,%RH,36.679
12/15/20, 11:47:01 PM,%RH,33.185
12/16/20, 12:47:01 AM,%RH,37.977
12/16/20, 1:47:01 AM,%RH,30.609
12/16/20, 2:47:01 AM,%RH,35.009
12/16/20, 3:47:01 AM,%RH,39.198
12/16/20, 4:47:01 AM,%RH,41.831
12/16/20, 5:47:01 AM,%RH,41.334
12/16/20, 6:47:01 AM,%RH,44.863
12/16/20, 7:47:01 AM,%RH,30.364
12/16/20, 8:47:01 AM,%RH,23.257
12/16/20, 9:47:01 AM,%RH,18.844
12/16/20, 10:47:01 AM,%RH,19.058
12/16/20, 11:47:01 AM,%RH,21.163
12/16/20, 12:47:01 PM,%RH,18.031
12/16/20, 1:47:01 PM,%RH,19.709
12/16/20, 2:47:01 PM,%RH,21.112
12/16/20, 3:47:01 PM,%RH,24.486
12/16/20, 4:47:01 PM,%RH,29.586
12/16/20, 5:47:01 PM,%RH,33.917
12/16/20, 6:47:01 PM,%RH,36.462
12/16/20, 7:47:01 PM,%RH,36.894
12/16/20, 8:47:01 PM,%RH,39.338
12/16/20, 9:47:01 PM,%RH,39.982
12/16/20, 10:47:01 PM,%RH,41.193
12/16/20, 11:47:01 PM,%RH,43.6
12/17/20, 12:47:01 AM,%RH,44.232
12/17/20, 1:47:01 AM,%RH,44.863
12/17/20, 2:47:01 AM,%RH,47.862
12/17/20, 3:47:01 AM,%RH,49.722
12/17/20, 4:47:01 AM,%RH,45.56
12/17/20, 5:47:01 AM,%RH,46.814
12/17/20, 6:47:01 AM,%RH,47.927
12/17/20, 7:47:01 AM,%RH,50.891
12/17/20, 8:47:01 AM,%RH,31.043
12/17/20, 9:47:01 AM,%RH,24.643
12/17/20, 10:47:01 AM,%RH,28.968
12/17/20, 11:47:01 AM,%RH,34.933
12/17/20, 12:47:01 PM,%RH,50.865
12/17/20, 1:47:01 PM,%RH,68.261
12/17/20, 2:47:01 PM,%RH,71.727
12/17/20, 3:47:01 PM,%RH,68.583
12/17/20, 4:47:01 PM,%RH,51.101
12/17/20, 5:47:01 PM,%RH,52.939
12/17/20, 6:47:01 PM,%RH,57.697
12/17/20, 7:47:01 PM,%RH,56.954
12/17/20, 8:47:01 PM,%RH,59.2
12/17/20, 9:47:01 PM,%RH,52.181
12/17/20, 10:47:01 PM,%RH,50.811
12/17/20, 11:47:01 PM,%RH,51.286
12/18/20, 12:47:01 AM,%RH,51.218
12/18/20, 1:47:01 AM,%RH,54.335
12/18/20, 2:47:01 AM,%RH,59.065
12/18/20, 3:47:01 AM,%RH,55.612
12/18/20, 4:47:01 AM,%RH,55.009
12/18/20, 5:47:01 AM,%RH,61.297
12/18/20, 6:47:01 AM,%RH,61.761
12/18/20, 7:47:01 AM,%RH,52.402
12/18/20, 8:47:01 AM,%RH,27.929
12/18/20, 9:47:01 AM,%RH,21.918
12/18/20, 10:47:01 AM,%RH,19.169
12/18/20, 11:47:01 AM,%RH,22.721
12/18/20, 12:47:01 PM,%RH,20.357
12/18/20, 1:47:01 PM,%RH,20.733
12/18/20, 2:47:01 PM,%RH,21.38
12/18/20, 3:47:01 PM,%RH,22.727
12/18/20, 4:47:01 PM,%RH,24.095
12/18/20, 5:47:01 PM,%RH,27.261
12/18/20, 6:47:01 PM,%RH,30.242
12/18/20, 7:47:01 PM,%RH,30.907
12/18/20, 8:47:01 PM,%RH,28.98
12/18/20, 9:47:01 PM,%RH,32.749
12/18/20, 10:47:01 PM,%RH,30.169
12/18/20, 11:47:01 PM,%RH,28.31
12/19/20, 12:47:01 AM,%RH,26.512
12/19/20, 1:47:01 AM,%RH,26.438
12/19/20, 2:47:01 AM,%RH,31.426
12/19/20, 3:47:01 AM,%RH,33.265
12/19/20, 4:47:01 AM,%RH,32.677
12/19/20, 5:47:01 AM,%RH,30.242
12/19/20, 6:47:01 AM,%RH,33.195
12/19/20, 7:47:01 AM,%RH,28.082
12/19/20, 8:47:01 AM,%RH,20.303
12/19/20, 9:47:01 AM,%RH,15.796
12/19/20, 10:47:01 AM,%RH,17.647
12/19/20, 11:47:01 AM,%RH,17.151
12/19/20, 12:47:01 PM,%RH,16.014
12/19/20, 1:47:01 PM,%RH,16.117
12/19/20, 2:47:01 PM,%RH,16.174
12/19/20, 3:47:01 PM,%RH,18.078
12/19/20, 4:47:01 PM,%RH,21.92
12/19/20, 5:47:01 PM,%RH,26.438
12/19/20, 6:47:01 PM,%RH,25.159
12/19/20, 7:47:01 PM,%RH,28.907
12/19/20, 8:47:01 PM,%RH,28.907
12/19/20, 9:47:01 PM,%RH,30.762
12/19/20, 10:47:01 PM,%RH,30.025
12/19/20, 11:47:01 PM,%RH,26.892
12/20/20, 12:47:01 AM,%RH,26.892
12/20/20, 1:47:01 AM,%RH,25.615
12/20/20, 2:47:01 AM,%RH,24.258
12/20/20, 3:47:01 AM,%RH,25.998
12/20/20, 4:47:01 AM,%RH,26.746
12/20/20, 5:47:01 AM,%RH,25.998
12/20/20, 6:47:01 AM,%RH,24.184
12/20/20, 7:47:01 AM,%RH,19.864
12/20/20, 8:47:01 AM,%RH,14.861
12/20/20, 9:47:01 AM,%RH,13.049
12/20/20, 10:47:01 AM,%RH,15.016
12/20/20, 11:47:01 AM,%RH,15.328
12/20/20, 12:47:01 PM,%RH,9.254
12/20/20, 1:47:01 PM,%RH,10.778
12/20/20, 2:47:01 PM,%RH,10.167
12/20/20, 3:47:01 PM,%RH,10.608
12/20/20, 4:47:01 PM,%RH,12.365
12/20/20, 5:47:01 PM,%RH,14.943
12/20/20, 6:47:01 PM,%RH,16.257
12/20/20, 7:47:01 PM,%RH,15.875
12/20/20, 8:47:01 PM,%RH,19.755
12/20/20, 9:47:01 PM,%RH,18.915
12/20/20, 10:47:01 PM,%RH,18.99
12/20/20, 11:47:01 PM,%RH,19.607
12/21/20, 12:47:01 AM,%RH,19.533
12/21/20, 1:47:01 AM,%RH,17.053
12/21/20, 2:47:01 AM,%RH,15.728
12/21/20, 3:47:01 AM,%RH,17.527
12/21/20, 4:47:01 AM,%RH,17.527
12/21/20, 5:47:01 AM,%RH,19.533
12/21/20, 6:47:01 AM,%RH,18.222
12/21/20, 7:47:01 AM,%RH,17.143
12/21/20, 8:47:01 AM,%RH,12.107
12/21/20, 9:47:01 AM,%RH,10.493
12/21/20, 10:47:01 AM,%RH,13.741
12/21/20, 11:47:01 AM,%RH,15.532
12/21/20, 12:47:01 PM,%RH,13.074
12/21/20, 1:47:01 PM,%RH,14.535
12/21/20, 2:47:01 PM,%RH,15.193
12/21/20, 3:47:01 PM,%RH,15.63
12/21/20, 4:47:01 PM,%RH,19.545
12/21/20, 5:47:01 PM,%RH,25.509
12/21/20, 6:47:01 PM,%RH,27.558
12/21/20, 7:47:01 PM,%RH,28.008
12/21/20, 8:47:01 PM,%RH,30.535
12/21/20, 9:47:01 PM,%RH,31.126
12/21/20, 10:47:01 PM,%RH,33.038
12/21/20, 11:47:01 PM,%RH,33.552
12/22/20, 12:47:01 AM,%RH,33.48
12/22/20, 1:47:01 AM,%RH,35.305
12/22/20, 2:47:01 AM,%RH,36.539
12/22/20, 3:47:01 AM,%RH,36.469
12/22/20, 4:47:01 AM,%RH,37.63
12/22/20, 5:47:01 AM,%RH,38.856
12/22/20, 6:47:01 AM,%RH,37.63
12/22/20, 7:47:01 AM,%RH,32.965
12/22/20, 8:47:01 AM,%RH,20.787
12/22/20, 9:47:01 AM,%RH,17.648
12/22/20, 10:47:01 AM,%RH,17.486
12/22/20, 11:47:01 AM,%RH,16.441
12/22/20, 12:47:01 PM,%RH,12.549
12/22/20, 1:47:01 PM,%RH,14.09
12/22/20, 2:47:01 PM,%RH,20.411
12/22/20, 3:47:01 PM,%RH,28.513
12/22/20, 4:47:01 PM,%RH,48.688
12/22/20, 5:47:01 PM,%RH,60.972
12/22/20, 6:47:01 PM,%RH,70.053
12/22/20, 7:47:01 PM,%RH,71.053
12/22/20, 8:47:01 PM,%RH,56.485
12/22/20, 9:47:01 PM,%RH,49.853
12/22/20, 10:47:01 PM,%RH,51.019
12/22/20, 11:47:01 PM,%RH,50.276
12/23/20, 12:47:01 AM,%RH,53.824
12/23/20, 1:47:01 AM,%RH,51.261
12/23/20, 2:47:01 AM,%RH,50.706
12/23/20, 3:47:01 AM,%RH,41.997
12/23/20, 4:47:01 AM,%RH,37.05
12/23/20, 5:47:01 AM,%RH,27.712
12/23/20, 6:47:01 AM,%RH,23.191
12/23/20, 7:47:01 AM,%RH,19.101
12/23/20, 8:47:01 AM,%RH,19.324
12/23/20, 9:47:01 AM,%RH,14.203
12/23/20, 10:47:01 AM,%RH,13.374
12/23/20, 11:47:01 AM,%RH,12.713
12/23/20, 12:47:01 PM,%RH,9.042
12/23/20, 1:47:01 PM,%RH,7.343
12/23/20, 2:47:01 PM,%RH,7.219
12/23/20, 3:47:01 PM,%RH,8.556
12/23/20, 4:47:01 PM,%RH,8.071
12/23/20, 5:47:01 PM,%RH,10.565
12/23/20, 6:47:01 PM,%RH,11.201
12/23/20, 7:47:01 PM,%RH,10.712
12/23/20, 8:47:01 PM,%RH,10.639
12/23/20, 9:47:01 PM,%RH,10
12/23/20, 10:47:01 PM,%RH,11.761
12/23/20, 11:47:01 PM,%RH,11.91
12/24/20, 12:47:01 AM,%RH,10.565
12/24/20, 1:47:01 AM,%RH,10.565
12/24/20, 2:47:01 AM,%RH,11.275
12/24/20, 3:47:01 AM,%RH,11.836
12/24/20, 4:47:01 AM,%RH,12.543
12/24/20, 5:47:01 AM,%RH,11.836
12/24/20, 6:47:01 AM,%RH,13.249
12/24/20, 7:47:01 AM,%RH,12.543
12/24/20, 8:47:01 AM,%RH,12.84
12/24/20, 9:47:01 AM,%RH,11.642
12/24/20, 10:47:01 AM,%RH,10.615
12/24/20, 11:47:01 AM,%RH,9.762
12/24/20, 12:47:01 PM,%RH,11.279
12/24/20, 1:47:01 PM,%RH,15.659
12/24/20, 2:47:01 PM,%RH,17.796
12/24/20, 3:47:01 PM,%RH,19.977
12/24/20, 4:47:01 PM,%RH,23.799
12/24/20, 5:47:01 PM,%RH,26.438
12/24/20, 6:47:01 PM,%RH,28.457
12/24/20, 7:47:01 PM,%RH,29.053
12/24/20, 8:47:01 PM,%RH,30.242
12/24/20, 9:47:01 PM,%RH,32.677
12/24/20, 10:47:01 PM,%RH,33.923
12/24/20, 11:47:01 PM,%RH,38.856
12/25/20, 12:47:01 AM,%RH,43.204
12/25/20, 1:47:01 AM,%RH,45.668
12/25/20, 2:47:01 AM,%RH,48.852
12/25/20, 3:47:01 AM,%RH,51.934
12/25/20, 4:47:01 AM,%RH,53.706
12/25/20, 5:47:01 AM,%RH,55.58
12/25/20, 6:47:01 AM,%RH,56.182
12/25/20, 7:47:01 AM,%RH,54.201
12/25/20, 8:47:01 AM,%RH,32.445
12/25/20, 9:47:01 AM,%RH,25.386
12/25/20, 10:47:01 AM,%RH,21.648
12/25/20, 11:47:01 AM,%RH,23.147
12/25/20, 12:47:01 PM,%RH,19.601
12/25/20, 1:47:01 PM,%RH,26.659
12/25/20, 2:47:01 PM,%RH,26.659
12/25/20, 3:47:01 PM,%RH,29.295
12/25/20, 4:47:01 PM,%RH,38.373
12/25/20, 5:47:01 PM,%RH,46.13
12/25/20, 6:47:01 PM,%RH,49.649
12/25/20, 7:47:01 PM,%RH,52.58
12/25/20, 8:47:01 PM,%RH,56.013
12/25/20, 9:47:01 PM,%RH,60.586
12/25/20, 10:47:01 PM,%RH,55.281
12/25/20, 11:47:01 PM,%RH,55.218
12/26/20, 12:47:01 AM,%RH,54.614
12/26/20, 1:47:01 AM,%RH,57.498
12/26/20, 2:47:01 AM,%RH,54.552
12/26/20, 3:47:01 AM,%RH,56.841
12/26/20, 4:47:01 AM,%RH,57.382
12/26/20, 5:47:01 AM,%RH,55.035
12/26/20, 6:47:01 AM,%RH,53.338
12/26/20, 7:47:01 AM,%RH,48.75
12/26/20, 8:47:01 AM,%RH,28.413
12/26/20, 9:47:01 AM,%RH,22.615
12/26/20, 10:47:01 AM,%RH,23.522
12/26/20, 11:47:01 AM,%RH,23.147
12/26/20, 12:47:01 PM,%RH,27.022
12/26/20, 1:47:01 PM,%RH,41.864
12/26/20, 2:47:01 PM,%RH,41.298
12/26/20, 3:47:01 PM,%RH,41.822
12/26/20, 4:47:01 PM,%RH,49.959
12/26/20, 5:47:01 PM,%RH,53.166
12/26/20, 6:47:01 PM,%RH,55.442
12/26/20, 7:47:01 PM,%RH,53.623
12/26/20, 8:47:01 PM,%RH,54.156
12/26/20, 9:47:01 PM,%RH,52.402
12/26/20, 10:47:01 PM,%RH,51.715
12/26/20, 11:47:01 PM,%RH,53.014
12/27/20, 12:47:01 AM,%RH,52.939
12/27/20, 1:47:01 AM,%RH,59.132
12/27/20, 2:47:01 AM,%RH,58.606
12/27/20, 3:47:01 AM,%RH,57.413
12/27/20, 4:47:01 AM,%RH,55.612
12/27/20, 5:47:01 AM,%RH,50.338
12/27/20, 6:47:01 AM,%RH,50.882
12/27/20, 7:47:01 AM,%RH,48.409
12/27/20, 8:47:01 AM,%RH,42.561
12/27/20, 9:47:01 AM,%RH,38.993
12/27/20, 10:47:01 AM,%RH,33.212
12/27/20, 11:47:01 AM,%RH,23.416
12/27/20, 12:47:01 PM,%RH,22.668
12/27/20, 1:47:01 PM,%RH,30.46
12/27/20, 2:47:01 PM,%RH,32.398
12/27/20, 3:47:01 PM,%RH,45.591
12/27/20, 4:47:01 PM,%RH,78.188
12/27/20, 5:47:01 PM,%RH,92.809
12/27/20, 6:47:01 PM,%RH,103.623
12/27/20, 7:47:01 PM,%RH,98.696
12/27/20, 8:47:01 PM,%RH,93.426
12/27/20, 9:47:01 PM,%RH,90.437
12/27/20, 10:47:01 PM,%RH,90.939
12/27/20, 11:47:01 PM,%RH,109.117
12/28/20, 12:47:01 AM,%RH,109.412
12/28/20, 1:47:01 AM,%RH,109.37
12/28/20, 2:47:01 AM,%RH,110.205
12/28/20, 3:47:01 AM,%RH,110.245
12/28/20, 4:47:01 AM,%RH,109.808
12/28/20, 5:47:01 AM,%RH,111.074
12/28/20, 6:47:01 AM,%RH,110.541
12/28/20, 7:47:01 AM,%RH,110.205
12/28/20, 8:47:01 AM,%RH,110.379
12/28/20, 9:47:01 AM,%RH,111.586
12/28/20, 10:47:01 AM,%RH,110.332
12/28/20, 11:47:01 AM,%RH,109.458
12/28/20, 12:47:01 PM,%RH,109.732
12/28/20, 1:47:01 PM,%RH,110.136
12/28/20, 2:47:01 PM,%RH,110.052
12/28/20, 3:47:01 PM,%RH,109.64
12/28/20, 4:47:01 PM,%RH,109.64
12/28/20, 5:47:01 PM,%RH,110.077
12/28/20, 6:47:01 PM,%RH,110.077
12/28/20, 7:47:01 PM,%RH,110.923
12/28/20, 8:47:01 PM,%RH,-11.594
12/28/20, 9:47:01 PM,%RH,-37.675
12/28/20, 10:47:01 PM,%RH,-37.675
12/28/20, 11:47:01 PM,%RH,-37.908
12/29/20, 12:47:01 AM,%RH,-37.79
12/29/20, 1:47:01 AM,%RH,-37.79
12/29/20, 2:47:01 AM,%RH,-37.79
12/29/20, 3:47:01 AM,%RH,-37.79
12/29/20, 4:47:01 AM,%RH,-37.908
12/29/20, 5:47:01 AM,%RH,-37.908
12/29/20, 6:47:01 AM,%RH,-37.908
12/29/20, 7:47:01 AM,%RH,-37.449
12/29/20, 8:47:01 AM,%RH,-36.018
12/29/20, 9:47:01 AM,%RH,97.666
12/29/20, 10:47:01 AM,%RH,92.441
12/29/20, 11:47:01 AM,%RH,51.317
12/29/20, 12:47:01 PM,%RH,51.853
12/29/20, 1:47:01 PM,%RH,54.763
12/29/20, 2:47:01 PM,%RH,55.897
12/29/20, 3:47:01 PM,%RH,59.269
12/29/20, 4:47:01 PM,%RH,55.682
12/29/20, 5:47:01 PM,%RH,69.754
12/29/20, 6:47:01 PM,%RH,63.976
12/29/20, 7:47:01 PM,%RH,65.71
12/29/20, 8:47:01 PM,%RH,66.123
12/29/20, 9:47:01 PM,%RH,68.409
12/29/20, 10:47:01 PM,%RH,52.728
12/29/20, 11:47:01 PM,%RH,58.037
12/30/20, 12:47:01 AM,%RH,57.382
12/30/20, 1:47:01 AM,%RH,56.182
12/30/20, 2:47:01 AM,%RH,50.891
12/30/20, 3:47:01 AM,%RH,55.522
12/30/20, 4:47:01 AM,%RH,57.215
12/30/20, 5:47:01 AM,%RH,57.867
12/30/20, 6:47:01 AM,%RH,60.139
12/30/20, 7:47:01 AM,%RH,56.3
12/30/20, 8:47:01 AM,%RH,38.06
12/30/20, 9:47:01 AM,%RH,36.556
12/30/20, 10:47:01 AM,%RH,30.124
12/30/20, 11:47:01 AM,%RH,24.268
12/30/20, 12:47:01 PM,%RH,21.595
12/30/20, 1:47:01 PM,%RH,21.65
12/30/20, 2:47:01 PM,%RH,22.295
12/30/20, 3:47:01 PM,%RH,29.586
12/30/20, 4:47:01 PM,%RH,34.649
12/30/20, 5:47:01 PM,%RH,40.553
12/30/20, 6:47:01 PM,%RH,46.68
12/30/20, 7:47:01 PM,%RH,51.505
12/30/20, 8:47:01 PM,%RH,48.484
12/30/20, 9:47:01 PM,%RH,51.934
12/30/20, 10:47:01 PM,%RH,51.381
12/30/20, 11:47:01 PM,%RH,46.548
12/31/20, 12:47:01 AM,%RH,50.029
12/31/20, 1:47:01 AM,%RH,53.039
12/31/20, 2:47:01 AM,%RH,52.982
12/31/20, 3:47:01 AM,%RH,49.97
12/31/20, 4:47:01 AM,%RH,52.926
12/31/20, 5:47:01 AM,%RH,55.303
12/31/20, 6:47:01 AM,%RH,54.09
12/31/20, 7:47:01 AM,%RH,57.682
12/31/20, 8:47:01 AM,%RH,60.249
12/31/20, 9:47:01 AM,%RH,43.653
12/31/20, 10:47:01 AM,%RH,42.433
12/31/20, 11:47:01 AM,%RH,43.653
12/31/20, 12:47:01 PM,%RH,39.734
12/31/20, 1:47:01 PM,%RH,43.681
12/31/20, 2:47:01 PM,%RH,44.239
12/31/20, 3:47:01 PM,%RH,43.532
12/31/20, 4:47:01 PM,%RH,45.139
12/31/20, 5:47:01 PM,%RH,49.302
12/31/20, 6:47:01 PM,%RH,47.994
12/31/20, 7:47:01 PM,%RH,46.188
12/31/20, 8:47:01 PM,%RH,53.945
12/31/20, 9:47:01 PM,%RH,55.218
12/31/20, 10:47:01 PM,%RH,53.4
12/31/20, 11:47:01 PM,%RH,54.614
1/1/21, 12:47:01 AM,%RH,52.728
1/1/21, 1:47:01 AM,%RH,47.239
1/1/21, 2:47:01 AM,%RH,33.185
1/1/21, 3:47:01 AM,%RH,34.354
1/1/21, 4:47:01 AM,%RH,39.198
1/1/21, 5:47:01 AM,%RH,44.729
1/1/21, 6:47:01 AM,%RH,52.546
1/1/21, 7:47:01 AM,%RH,53.945
1/1/21, 8:47:01 AM,%RH,31.722
1/1/21, 9:47:01 AM,%RH,26.075
1/1/21, 10:47:01 AM,%RH,24.959
1/1/21, 11:47:01 AM,%RH,25.596
1/1/21, 12:47:01 PM,%RH,24.696
1/1/21, 1:47:01 PM,%RH,24.121
1/1/21, 2:47:01 PM,%RH,27.48
1/1/21, 3:47:01 PM,%RH,26.841
1/1/21, 4:47:01 PM,%RH,30.609
1/1/21, 5:47:01 PM,%RH,37.543
1/1/21, 6:47:01 PM,%RH,42.468
1/1/21, 7:47:01 PM,%RH,46.256
1/1/21, 8:47:01 PM,%RH,54.008
1/1/21, 9:47:01 PM,%RH,54.552
1/1/21, 10:47:01 PM,%RH,57.498
1/1/21, 11:47:01 PM,%RH,59.226
1/2/21, 12:47:01 AM,%RH,62.116
1/2/21, 1:47:01 AM,%RH,64.392
1/2/21, 2:47:01 AM,%RH,67.741
1/2/21, 3:47:01 AM,%RH,67.219
1/2/21, 4:47:01 AM,%RH,64.445
1/2/21, 5:47:01 AM,%RH,68.359
1/2/21, 6:47:01 AM,%RH,67.84
1/2/21, 7:47:01 AM,%RH,70.157
1/2/21, 8:47:01 AM,%RH,48.006
1/2/21, 9:47:01 AM,%RH,39.775
1/2/21, 10:47:01 AM,%RH,32.681
1/2/21, 11:47:01 AM,%RH,26.179
1/2/21, 12:47:01 PM,%RH,27.499
1/2/21, 1:47:01 PM,%RH,29.195
1/2/21, 2:47:01 PM,%RH,29.828
1/2/21, 3:47:01 PM,%RH,37.089
1/2/21, 4:47:01 PM,%RH,46.356
1/2/21, 5:47:01 PM,%RH,61.698
1/2/21, 6:47:01 PM,%RH,62.798
1/2/21, 7:47:01 PM,%RH,64.407
1/2/21, 8:47:01 PM,%RH,69.426
1/2/21, 9:47:01 PM,%RH,73.776
1/2/21, 10:47:01 PM,%RH,80.719
1/2/21, 11:47:01 PM,%RH,80.134
1/3/21, 12:47:01 AM,%RH,79.55
1/3/21, 1:47:01 AM,%RH,78.475
1/3/21, 2:47:01 AM,%RH,82.119
1/3/21, 3:47:01 AM,%RH,79.55
1/3/21, 4:47:01 AM,%RH,82.164
1/3/21, 5:47:01 AM,%RH,82.21
1/3/21, 6:47:01 AM,%RH,82.164
1/3/21, 7:47:01 AM,%RH,86.297
1/3/21, 8:47:01 AM,%RH,57.401
1/3/21, 9:47:01 AM,%RH,45.784
1/3/21, 10:47:01 AM,%RH,41.618
1/3/21, 11:47:01 AM,%RH,36.362
1/3/21, 12:47:01 PM,%RH,38.907
1/3/21, 1:47:01 PM,%RH,48.224
1/3/21, 2:47:01 PM,%RH,50.09
1/3/21, 3:47:01 PM,%RH,56.832
1/3/21, 4:47:01 PM,%RH,65.482
1/3/21, 5:47:01 PM,%RH,87.01
1/3/21, 6:47:01 PM,%RH,96.609
1/3/21, 7:47:01 PM,%RH,99.003
1/3/21, 8:47:01 PM,%RH,100.943
1/3/21, 9:47:01 PM,%RH,100.474
1/3/21, 10:47:01 PM,%RH,100.322
1/3/21, 11:47:01 PM,%RH,102.103
1/4/21, 12:47:01 AM,%RH,102.654
1/4/21, 1:47:01 AM,%RH,102.527
1/4/21, 2:47:01 AM,%RH,102.49
1/4/21, 3:47:01 AM,%RH,102.918
1/4/21, 4:47:01 AM,%RH,102.918
1/4/21, 5:47:01 AM,%RH,103.78
1/4/21, 6:47:01 AM,%RH,102.858
1/4/21, 7:47:01 AM,%RH,102.918
1/4/21, 8:47:01 AM,%RH,65.317
1/4/21, 9:47:01 AM,%RH,50.274
1/4/21, 10:47:01 AM,%RH,41.618
1/4/21, 11:47:01 AM,%RH,36.667
1/4/21, 12:47:01 PM,%RH,41.618
1/4/21, 1:47:01 PM,%RH,53.229
1/4/21, 2:47:01 PM,%RH,59.966
1/4/21, 3:47:01 PM,%RH,63.531
1/4/21, 4:47:01 PM,%RH,74.989
1/4/21, 5:47:01 PM,%RH,81.262
1/4/21, 6:47:01 PM,%RH,91.317
1/4/21, 7:47:01 PM,%RH,96.126
1/4/21, 8:47:01 PM,%RH,95.588
1/4/21, 9:47:01 PM,%RH,96.99
1/4/21, 10:47:01 PM,%RH,95.004
1/4/21, 11:47:01 PM,%RH,95.977
1/5/21, 12:47:01 AM,%RH,97.338
1/5/21, 1:47:01 AM,%RH,97.338
1/5/21, 2:47:01 AM,%RH,97.338
1/5/21, 3:47:01 AM,%RH,94.47
1/5/21, 4:47:01 AM,%RH,92.001
1/5/21, 5:47:01 AM,%RH,90.916
1/5/21, 6:47:01 AM,%RH,91.803
1/5/21, 7:47:01 AM,%RH,90.456
1/5/21, 8:47:01 AM,%RH,63.576
1/5/21, 9:47:01 AM,%RH,45.953
1/5/21, 10:47:01 AM,%RH,47.456
1/5/21, 11:47:01 AM,%RH,30.227
1/5/21, 12:47:01 PM,%RH,26.654
1/5/21, 1:47:01 PM,%RH,29.345
1/5/21, 2:47:01 PM,%RH,29.926
1/5/21, 3:47:01 PM,%RH,27.929
1/5/21, 4:47:01 PM,%RH,32.633
1/5/21, 5:47:01 PM,%RH,39.775
1/5/21, 6:47:01 PM,%RH,46.756
1/5/21, 7:47:01 PM,%RH,49.794
1/5/21, 8:47:01 PM,%RH,45.576
1/5/21, 9:47:01 PM,%RH,45.354
1/5/21, 10:47:01 PM,%RH,47.235
1/5/21, 11:47:01 PM,%RH,49.029
1/6/21, 12:47:01 AM,%RH,46.61
1/6/21, 1:47:01 AM,%RH,48.267
1/6/21, 2:47:01 AM,%RH,45.839
1/6/21, 3:47:01 AM,%RH,46.395
1/6/21, 4:47:01 AM,%RH,45.21
1/6/21, 5:47:01 AM,%RH,47.021
1/6/21, 6:47:01 AM,%RH,46.395
1/6/21, 7:47:01 AM,%RH,45.139
1/6/21, 8:47:01 AM,%RH,27.979
1/6/21, 9:47:01 AM,%RH,26.97
1/6/21, 10:47:01 AM,%RH,23.469
1/6/21, 11:47:01 AM,%RH,23.738
1/6/21, 12:47:01 PM,%RH,20.303
1/6/21, 1:47:01 PM,%RH,19.223
1/6/21, 2:47:01 PM,%RH,19.763
1/6/21, 3:47:01 PM,%RH,25.282
1/6/21, 4:47:01 PM,%RH,37.795
1/6/21, 5:47:01 PM,%RH,55.367
1/6/21, 6:47:01 PM,%RH,32.352
1/6/21, 7:47:01 PM,%RH,32.937
1/6/21, 8:47:01 PM,%RH,28.217
1/6/21, 9:47:01 PM,%RH,30.758
1/6/21, 10:47:01 PM,%RH,37.615
1/6/21, 11:47:01 PM,%RH,42.399
1/7/21, 12:47:01 AM,%RH,44.863
1/7/21, 1:47:01 AM,%RH,42.898
1/7/21, 2:47:01 AM,%RH,31.2
1/7/21, 3:47:01 AM,%RH,34.209
1/7/21, 4:47:01 AM,%RH,37.258
1/7/21, 5:47:01 AM,%RH,40.277
1/7/21, 6:47:01 AM,%RH,26.809
1/7/21, 7:47:01 AM,%RH,30.091
1/7/21, 8:47:01 AM,%RH,21.004
1/7/21, 9:47:01 AM,%RH,20.357
1/7/21, 10:47:01 AM,%RH,20.142
1/7/21, 11:47:01 AM,%RH,20.463
1/7/21, 12:47:01 PM,%RH,17.593
1/7/21, 1:47:01 PM,%RH,14.315
1/7/21, 2:47:01 PM,%RH,12.882
1/7/21, 3:47:01 PM,%RH,14.09
1/7/21, 4:47:01 PM,%RH,18.022
1/7/21, 5:47:01 PM,%RH,24.776
1/7/21, 6:47:01 PM,%RH,29.721
1/7/21, 7:47:01 PM,%RH,34.354
1/7/21, 8:47:01 PM,%RH,37.471
1/7/21, 9:47:01 PM,%RH,39.268
1/7/21, 10:47:01 PM,%RH,36.822
1/7/21, 11:47:01 PM,%RH,40.414
1/8/21, 12:47:01 AM,%RH,34.864
1/8/21, 1:47:01 AM,%RH,36.099
1/8/21, 2:47:01 AM,%RH,39.128
1/8/21, 3:47:01 AM,%RH,40.918
1/8/21, 4:47:01 AM,%RH,42.195
1/8/21, 5:47:01 AM,%RH,41.49
1/8/21, 6:47:01 AM,%RH,40.277
1/8/21, 7:47:01 AM,%RH,37.258
1/8/21, 8:47:01 AM,%RH,20.465
1/8/21, 9:47:01 AM,%RH,19.547
1/8/21, 10:47:01 AM,%RH,17.859
1/8/21, 11:47:01 AM,%RH,18.83
1/8/21, 12:47:01 PM,%RH,17.753
1/8/21, 1:47:01 PM,%RH,12.164
1/8/21, 2:47:01 PM,%RH,14.861
1/8/21, 3:47:01 PM,%RH,21.65
1/8/21, 4:47:01 PM,%RH,25.458
1/8/21, 5:47:01 PM,%RH,22.727
1/8/21, 6:47:01 PM,%RH,30.091
1/8/21, 7:47:01 PM,%RH,33.612
1/8/21, 8:47:01 PM,%RH,42.637
1/8/21, 9:47:01 PM,%RH,48.31
1/8/21, 10:47:01 PM,%RH,51.942
1/8/21, 11:47:01 PM,%RH,54.307
1/9/21, 12:47:01 AM,%RH,52.555
1/9/21, 1:47:01 AM,%RH,50.79
1/9/21, 2:47:01 AM,%RH,42.637
1/9/21, 3:47:01 AM,%RH,43.756
1/9/21, 4:47:01 AM,%RH,46.13
1/9/21, 5:47:01 AM,%RH,49.794
1/9/21, 6:47:01 AM,%RH,53.402
1/9/21, 7:47:01 AM,%RH,48.628
1/9/21, 8:47:01 AM,%RH,34.12
1/9/21, 9:47:01 AM,%RH,29.02
1/9/21, 10:47:01 AM,%RH,27.127
1/9/21, 11:47:01 AM,%RH,27.864
1/9/21, 12:47:01 PM,%RH,22.828
1/9/21, 1:47:01 PM,%RH,20.248
1/9/21, 2:47:01 PM,%RH,19.435
1/9/21, 3:47:01 PM,%RH,18.673
1/9/21, 4:47:01 PM,%RH,20.678
1/9/21, 5:47:01 PM,%RH,23.487
1/9/21, 6:47:01 PM,%RH,26.586
1/9/21, 7:47:01 PM,%RH,26.438
1/9/21, 8:47:01 PM,%RH,28.237
1/9/21, 9:47:01 PM,%RH,27.565
1/9/21, 10:47:01 PM,%RH,30.762
1/9/21, 11:47:01 PM,%RH,25.689
1/10/21, 12:47:01 AM,%RH,26.966
1/10/21, 1:47:01 AM,%RH,30.169
1/10/21, 2:47:01 AM,%RH,26.365
1/10/21, 3:47:01 AM,%RH,31.426
1/10/21, 4:47:01 AM,%RH,27.712
1/10/21, 5:47:01 AM,%RH,34.65
1/10/21, 6:47:01 AM,%RH,27.187
1/10/21, 7:47:01 AM,%RH,29.868
1/10/21, 8:47:01 AM,%RH,21.112
1/10/21, 9:47:01 AM,%RH,19.332
1/10/21, 10:47:01 AM,%RH,25.171
1/10/21, 11:47:01 AM,%RH,23.522
1/10/21, 12:47:01 PM,%RH,24.321
1/10/21, 1:47:01 PM,%RH,21.596
1/10/21, 2:47:01 PM,%RH,21.542
1/10/21, 3:47:01 PM,%RH,24.121
1/10/21, 4:47:01 PM,%RH,28.828
1/10/21, 5:47:01 PM,%RH,30.091
1/10/21, 6:47:01 PM,%RH,38.558
1/10/21, 7:47:01 PM,%RH,45.282
1/10/21, 8:47:01 PM,%RH,54.741
1/10/21, 9:47:01 PM,%RH,59.995
1/10/21, 10:47:01 PM,%RH,61.701
1/10/21, 11:47:01 PM,%RH,62.172
1/11/21, 12:47:01 AM,%RH,59.995
1/11/21, 1:47:01 AM,%RH,35.156
1/11/21, 2:47:01 AM,%RH,38.048
1/11/21, 3:47:01 AM,%RH,46.614
1/11/21, 4:47:01 AM,%RH,49.04
1/11/21, 5:47:01 AM,%RH,43.6
1/11/21, 6:47:01 AM,%RH,45.359
1/11/21, 7:47:01 AM,%RH,38.263
1/11/21, 8:47:01 AM,%RH,27.778
1/11/21, 9:47:01 AM,%RH,22.078
1/11/21, 10:47:01 AM,%RH,20.195
1/11/21, 11:47:01 AM,%RH,21.163
1/11/21, 12:47:01 PM,%RH,25.86
1/11/21, 1:47:01 PM,%RH,20.303
1/11/21, 2:47:01 PM,%RH,22.295
1/11/21, 3:47:01 PM,%RH,23.635
1/11/21, 4:47:01 PM,%RH,23.583
1/11/21, 5:47:01 PM,%RH,30.016
1/11/21, 6:47:01 PM,%RH,32.599
1/11/21, 7:47:01 PM,%RH,36.316
1/11/21, 8:47:01 PM,%RH,39.41
1/11/21, 9:47:01 PM,%RH,37.615
1/11/21, 10:47:01 PM,%RH,41.831
1/11/21, 11:47:01 PM,%RH,41.831
1/12/21, 12:47:01 AM,%RH,42.399
1/12/21, 1:47:01 AM,%RH,41.831
1/12/21, 2:47:01 AM,%RH,45.987
1/12/21, 3:47:01 AM,%RH,45.425
1/12/21, 4:47:01 AM,%RH,44.098
1/12/21, 5:47:01 AM,%RH,48.976
1/12/21, 6:47:01 AM,%RH,50.767
1/12/21, 7:47:01 AM,%RH,47.304
1/12/21, 8:47:01 AM,%RH,27.778
1/12/21, 9:47:01 AM,%RH,24.748
1/12/21, 10:47:01 AM,%RH,21.702
1/12/21, 11:47:01 AM,%RH,20.789
1/12/21, 12:47:01 PM,%RH,21.862
1/12/21, 1:47:01 PM,%RH,17.16
1/12/21, 2:47:01 PM,%RH,17.105
1/12/21, 3:47:01 PM,%RH,18.189
1/12/21, 4:47:01 PM,%RH,25.455
1/12/21, 5:47:01 PM,%RH,29.868
1/12/21, 6:47:01 PM,%RH,34.864
1/12/21, 7:47:01 PM,%RH,38.694
1/12/21, 8:47:01 PM,%RH,40.553
1/12/21, 9:47:01 PM,%RH,43.034
1/12/21, 10:47:01 PM,%RH,45.425
1/12/21, 11:47:01 PM,%RH,45.425
1/13/21, 12:47:01 AM,%RH,46.548
1/13/21, 1:47:01 AM,%RH,42.898
1/13/21, 2:47:01 AM,%RH,44.664
1/13/21, 3:47:01 AM,%RH,40.414
1/13/21, 4:47:01 AM,%RH,42.262
1/13/21, 5:47:01 AM,%RH,31.053
1/13/21, 6:47:01 AM,%RH,30.315
1/13/21, 7:47:01 AM,%RH,35.082
1/13/21, 8:47:01 AM,%RH,22.562
1/13/21, 9:47:01 AM,%RH,21.112
1/13/21, 10:47:01 AM,%RH,18.844
1/13/21, 11:47:01 AM,%RH,19.111
1/13/21, 12:47:01 PM,%RH,20.943
1/13/21, 1:47:01 PM,%RH,16.175
1/13/21, 2:47:01 PM,%RH,20.195
1/13/21, 3:47:01 PM,%RH,24.959
1/13/21, 4:47:01 PM,%RH,29.495
1/13/21, 5:47:01 PM,%RH,34.6
1/13/21, 6:47:01 PM,%RH,36.556
1/13/21, 7:47:01 PM,%RH,38.457
1/13/21, 8:47:01 PM,%RH,47.411
1/13/21, 9:47:01 PM,%RH,48.31
1/13/21, 10:47:01 PM,%RH,47.411
1/13/21, 11:47:01 PM,%RH,57.026
1/14/21, 12:47:01 AM,%RH,55.971
1/14/21, 1:47:01 AM,%RH,35.315
1/14/21, 2:47:01 AM,%RH,33.93
1/14/21, 3:47:01 AM,%RH,33.977
1/14/21, 4:47:01 AM,%RH,44.838
1/14/21, 5:47:01 AM,%RH,38.543
1/14/21, 6:47:01 AM,%RH,35.981
1/14/21, 7:47:01 AM,%RH,30.124
1/14/21, 8:47:01 AM,%RH,21.163
1/14/21, 9:47:01 AM,%RH,18.566
1/14/21, 10:47:01 AM,%RH,22.988
1/14/21, 11:47:01 AM,%RH,25.708
1/14/21, 12:47:01 PM,%RH,24.855
1/14/21, 1:47:01 PM,%RH,18.844
1/14/21, 2:47:01 PM,%RH,16.67
1/14/21, 3:47:01 PM,%RH,15.193
1/14/21, 4:47:01 PM,%RH,17.215
1/14/21, 5:47:01 PM,%RH,19.926
1/14/21, 6:47:01 PM,%RH,19.709
1/14/21, 7:47:01 PM,%RH,24.382
1/14/21, 8:47:01 PM,%RH,27.629
1/14/21, 9:47:01 PM,%RH,29.586
1/14/21, 10:47:01 PM,%RH,29.539
1/14/21, 11:47:01 PM,%RH,32.673
1/15/21, 12:47:01 AM,%RH,29.539
1/15/21, 1:47:01 AM,%RH,27.579
1/15/21, 2:47:01 AM,%RH,22.295
1/15/21, 3:47:01 AM,%RH,20.95
1/15/21, 4:47:01 AM,%RH,21.596
1/15/21, 5:47:01 AM,%RH,24.919
1/15/21, 6:47:01 AM,%RH,27.48
1/15/21, 7:47:01 AM,%RH,26.404
1/15/21, 8:47:01 AM,%RH,16.885
1/15/21, 9:47:01 AM,%RH,16.388
1/15/21, 10:47:01 AM,%RH,16.094
1/15/21, 11:47:01 AM,%RH,21.263
1/15/21, 12:47:01 PM,%RH,19.642
1/15/21, 1:47:01 PM,%RH,16.014
1/15/21, 2:47:01 PM,%RH,14.589
1/15/21, 3:47:01 PM,%RH,17.922
1/15/21, 4:47:01 PM,%RH,14.697
1/15/21, 5:47:01 PM,%RH,16.506
1/15/21, 6:47:01 PM,%RH,19.818
1/15/21, 7:47:01 PM,%RH,24.971
1/15/21, 8:47:01 PM,%RH,26.991
1/15/21, 9:47:01 PM,%RH,24.971
1/15/21, 10:47:01 PM,%RH,27.53
1/15/21, 11:47:01 PM,%RH,27.579
1/16/21, 12:47:01 AM,%RH,26.891
1/16/21, 1:47:01 AM,%RH,26.201
1/16/21, 2:47:01 AM,%RH,26.791
1/16/21, 3:47:01 AM,%RH,26.841
1/16/21, 4:47:01 AM,%RH,24.069
1/16/21, 5:47:01 AM,%RH,25.458
1/16/21, 6:47:01 AM,%RH,24.278
1/16/21, 7:47:01 AM,%RH,21.166
1/16/21, 8:47:01 AM,%RH,15.571
1/16/21, 9:47:01 AM,%RH,13.689
1/16/21, 10:47:01 AM,%RH,14.765
1/16/21, 11:47:01 AM,%RH,18.436
1/16/21, 12:47:01 PM,%RH,21.698
1/16/21, 1:47:01 PM,%RH,14.751
1/16/21, 2:47:01 PM,%RH,15.356
1/16/21, 3:47:01 PM,%RH,15.96
1/16/21, 4:47:01 PM,%RH,17.269
1/16/21, 5:47:01 PM,%RH,20.519
1/16/21, 6:47:01 PM,%RH,24.434
1/16/21, 7:47:01 PM,%RH,24.486
1/16/21, 8:47:01 PM,%RH,28.463
1/16/21, 9:47:01 PM,%RH,30.364
1/16/21, 10:47:01 PM,%RH,29.779
1/16/21, 11:47:01 PM,%RH,27.142
1/17/21, 12:47:01 AM,%RH,30.364
1/17/21, 1:47:01 AM,%RH,32.306
1/17/21, 2:47:01 AM,%RH,31.675
1/17/21, 3:47:01 AM,%RH,32.823
1/17/21, 4:47:01 AM,%RH,32.236
1/17/21, 5:47:01 AM,%RH,31.573
1/17/21, 6:47:01 AM,%RH,31.573
1/17/21, 7:47:01 AM,%RH,26.557
1/17/21, 8:47:01 AM,%RH,19.493
1/17/21, 9:47:01 AM,%RH,17.151
1/17/21, 10:47:01 AM,%RH,15.328
1/17/21, 11:47:01 AM,%RH,19.536
1/17/21, 12:47:01 PM,%RH,20.134
1/17/21, 1:47:01 PM,%RH,13.929
1/17/21, 2:47:01 PM,%RH,15.248
1/17/21, 3:47:01 PM,%RH,15.193
1/17/21, 4:47:01 PM,%RH,15.741
1/17/21, 5:47:01 PM,%RH,20.303
1/17/21, 6:47:01 PM,%RH,22.833
1/17/21, 7:47:01 PM,%RH,22.833
1/17/21, 8:47:01 PM,%RH,25.458
1/17/21, 9:47:01 PM,%RH,27.335
1/17/21, 10:47:01 PM,%RH,28.753
1/17/21, 11:47:01 PM,%RH,29.274
1/18/21, 12:47:01 AM,%RH,31.126
1/18/21, 1:47:01 AM,%RH,32.378
1/18/21, 2:47:01 AM,%RH,31.716
1/18/21, 3:47:01 AM,%RH,32.232
1/18/21, 4:47:01 AM,%RH,33.552
1/18/21, 5:47:01 AM,%RH,31.643
1/18/21, 6:47:01 AM,%RH,32.893
1/18/21, 7:47:01 AM,%RH,30.903
1/18/21, 8:47:01 AM,%RH,20.735
1/18/21, 9:47:01 AM,%RH,17.204
1/18/21, 10:47:01 AM,%RH,21.698
1/18/21, 11:47:01 AM,%RH,24.055
1/18/21, 12:47:01 PM,%RH,23.522
1/18/21, 1:47:01 PM,%RH,19.223
1/18/21, 2:47:01 PM,%RH,19.926
1/18/21, 3:47:01 PM,%RH,18.464
1/18/21, 4:47:01 PM,%RH,19.818
1/18/21, 5:47:01 PM,%RH,22.295
1/18/21, 6:47:01 PM,%RH,29.682
1/18/21, 7:47:01 PM,%RH,34.957
1/18/21, 8:47:01 PM,%RH,36.033
1/18/21, 9:47:01 PM,%RH,33.612
1/18/21, 10:47:01 PM,%RH,36.033
1/18/21, 11:47:01 PM,%RH,35.958
1/19/21, 12:47:01 AM,%RH,36.536
1/19/21, 1:47:01 AM,%RH,19.213
1/19/21, 2:47:01 AM,%RH,16.97
1/19/21, 3:47:01 AM,%RH,19.359
1/19/21, 4:47:01 AM,%RH,23.265
1/19/21, 5:47:01 AM,%RH,23.873
1/19/21, 6:47:01 AM,%RH,20.372
1/19/21, 7:47:01 AM,%RH,19.681
1/19/21, 8:47:01 AM,%RH,21.673
1/19/21, 9:47:01 AM,%RH,21.134
1/19/21, 10:47:01 AM,%RH,19.864
1/19/21, 11:47:01 AM,%RH,21.272
1/19/21, 12:47:01 PM,%RH,18.393
1/19/21, 1:47:01 PM,%RH,19.157
1/19/21, 2:47:01 PM,%RH,20.514
1/19/21, 3:47:01 PM,%RH,21.218
1/19/21, 4:47:01 PM,%RH,21.43
1/19/21, 5:47:01 PM,%RH,22.117
1/19/21, 6:47:01 PM,%RH,23.487
1/19/21, 7:47:01 PM,%RH,32.086
1/19/21, 8:47:01 PM,%RH,32.086
1/19/21, 9:47:01 PM,%RH,30.832
1/19/21, 10:47:01 PM,%RH,29.573
1/19/21, 11:47:01 PM,%RH,28.679
1/20/21, 12:47:01 AM,%RH,28.531
1/20/21, 1:47:01 AM,%RH,25.53
1/20/21, 2:47:01 AM,%RH,24.169
1/20/21, 3:47:01 AM,%RH,24.776
1/20/21, 4:47:01 AM,%RH,26.884
1/20/21, 5:47:01 AM,%RH,28.156
1/20/21, 6:47:01 AM,%RH,28.903
1/20/21, 7:47:01 AM,%RH,28.999
1/20/21, 8:47:01 AM,%RH,22.562
1/20/21, 9:47:01 AM,%RH,33.646
1/20/21, 10:47:01 AM,%RH,29.908
1/20/21, 11:47:01 AM,%RH,31.158
1/20/21, 12:47:01 PM,%RH,32.353
1/20/21, 1:47:01 PM,%RH,28.563
1/20/21, 2:47:01 PM,%RH,31.234
1/20/21, 3:47:01 PM,%RH,31.234
1/20/21, 4:47:01 PM,%RH,32.538
1/20/21, 5:47:01 PM,%RH,35.133
1/20/21, 6:47:01 PM,%RH,38.414
1/20/21, 7:47:01 PM,%RH,40.311
1/20/21, 8:47:01 PM,%RH,42.485
1/20/21, 9:47:01 PM,%RH,44.946
1/20/21, 10:47:01 PM,%RH,42.637
1/20/21, 11:47:01 PM,%RH,44.389
1/21/21, 12:47:01 AM,%RH,45.576
1/21/21, 1:47:01 AM,%RH,49.102
1/21/21, 2:47:01 AM,%RH,50.338
1/21/21, 3:47:01 AM,%RH,47.859
1/21/21, 4:47:01 AM,%RH,50.811
1/21/21, 5:47:01 AM,%RH,57.345
1/21/21, 6:47:01 AM,%RH,58.406
1/21/21, 7:47:01 AM,%RH,51.866
1/21/21, 8:47:01 AM,%RH,34.836
1/21/21, 9:47:01 AM,%RH,31.314
1/21/21, 10:47:01 AM,%RH,31.636
1/21/21, 11:47:01 AM,%RH,34.436
1/21/21, 12:47:01 PM,%RH,34.885
1/21/21, 1:47:01 PM,%RH,32.203
1/21/21, 2:47:01 PM,%RH,31.38
1/21/21, 3:47:01 PM,%RH,33.306
1/21/21, 4:47:01 PM,%RH,38.414
1/21/21, 5:47:01 PM,%RH,48.703
1/21/21, 6:47:01 PM,%RH,60.383
1/21/21, 7:47:01 PM,%RH,65.37
1/21/21, 8:47:01 PM,%RH,68.171
1/21/21, 9:47:01 PM,%RH,68.112
1/21/21, 10:47:01 PM,%RH,70.374
1/21/21, 11:47:01 PM,%RH,70.824
1/22/21, 12:47:01 AM,%RH,71.891
1/22/21, 1:47:01 AM,%RH,74.564
1/22/21, 2:47:01 AM,%RH,74.012
1/22/21, 3:47:01 AM,%RH,73.459
1/22/21, 4:47:01 AM,%RH,76.12
1/22/21, 5:47:01 AM,%RH,75.162
1/22/21, 6:47:01 AM,%RH,79.413
1/22/21, 7:47:01 AM,%RH,79.502
1/22/21, 8:47:01 AM,%RH,61.559
1/22/21, 9:47:01 AM,%RH,53.821
1/22/21, 10:47:01 AM,%RH,50.57
1/22/21, 11:47:01 AM,%RH,66.563
1/22/21, 12:47:01 PM,%RH,56.53
1/22/21, 1:47:01 PM,%RH,53.107
1/22/21, 2:47:01 PM,%RH,56.277
1/22/21, 3:47:01 PM,%RH,60.3
1/22/21, 4:47:01 PM,%RH,69.687
1/22/21, 5:47:01 PM,%RH,79.462
1/22/21, 6:47:01 PM,%RH,88.628
1/22/21, 7:47:01 PM,%RH,91.549
1/22/21, 8:47:01 PM,%RH,94.386
1/22/21, 9:47:01 PM,%RH,98.772
1/22/21, 10:47:01 PM,%RH,100.086
1/22/21, 11:47:01 PM,%RH,101.493
1/23/21, 12:47:01 AM,%RH,101.992
1/23/21, 1:47:01 AM,%RH,101.493
1/23/21, 2:47:01 AM,%RH,102.787
1/23/21, 3:47:01 AM,%RH,102.808
1/23/21, 4:47:01 AM,%RH,102.368
1/23/21, 5:47:01 AM,%RH,101.437
1/23/21, 6:47:01 AM,%RH,101.437
1/23/21, 7:47:01 AM,%RH,100.557
1/23/21, 8:47:01 AM,%RH,88.119
1/23/21, 9:47:01 AM,%RH,78.451
1/23/21, 10:47:01 AM,%RH,62.576
1/23/21, 11:47:01 AM,%RH,54.384
1/23/21, 12:47:01 PM,%RH,47.587
1/23/21, 1:47:01 PM,%RH,77.504
1/23/21, 2:47:01 PM,%RH,80.596
1/23/21, 3:47:01 PM,%RH,79.194
1/23/21, 4:47:01 PM,%RH,76.216
1/23/21, 5:47:01 PM,%RH,66.519
1/23/21, 6:47:01 PM,%RH,71.439
1/23/21, 7:47:01 PM,%RH,81.547
1/23/21, 8:47:01 PM,%RH,79.502
1/23/21, 9:47:01 PM,%RH,84.831
1/23/21, 10:47:01 PM,%RH,78.577
1/23/21, 11:47:01 PM,%RH,91.239
1/24/21, 12:47:01 AM,%RH,95.226
1/24/21, 1:47:01 AM,%RH,95.685
1/24/21, 2:47:01 AM,%RH,86.219
1/24/21, 3:47:01 AM,%RH,88.746
1/24/21, 4:47:01 AM,%RH,78.336
1/24/21, 5:47:01 AM,%RH,82.49
1/24/21, 6:47:01 AM,%RH,75.53
1/24/21, 7:47:01 AM,%RH,79.704
1/24/21, 8:47:01 AM,%RH,53.776
1/24/21, 9:47:01 AM,%RH,43.164
1/24/21, 10:47:01 AM,%RH,38.859
1/24/21, 11:47:01 AM,%RH,38.297
1/24/21, 12:47:01 PM,%RH,38.061
1/24/21, 1:47:01 PM,%RH,38.06
1/24/21, 2:47:01 PM,%RH,43.756
1/24/21, 3:47:01 PM,%RH,55.294
1/24/21, 4:47:01 PM,%RH,60.451
1/24/21, 5:47:01 PM,%RH,67.918
1/24/21, 6:47:01 PM,%RH,81.001
1/24/21, 7:47:01 PM,%RH,84.624
1/24/21, 8:47:01 PM,%RH,86.122
1/24/21, 9:47:01 PM,%RH,92.048
1/24/21, 10:47:01 PM,%RH,91.598
1/24/21, 11:47:01 PM,%RH,94.025
1/25/21, 12:47:01 AM,%RH,95.89
1/25/21, 1:47:01 AM,%RH,97.818
1/25/21, 2:47:01 AM,%RH,101.437
1/25/21, 3:47:01 AM,%RH,102.49
1/25/21, 4:47:01 AM,%RH,103.839
1/25/21, 5:47:01 AM,%RH,103.731
1/25/21, 6:47:01 AM,%RH,104.137
1/25/21, 7:47:01 AM,%RH,105.604
1/25/21, 8:47:01 AM,%RH,106.798
1/25/21, 9:47:01 AM,%RH,102.515
1/25/21, 10:47:01 AM,%RH,85.011
1/25/21, 11:47:01 AM,%RH,43.937
1/25/21, 12:47:01 PM,%RH,40.034
1/25/21, 1:47:01 PM,%RH,39.055
1/25/21, 2:47:01 PM,%RH,74.767
1/25/21, 3:47:01 PM,%RH,54.268
1/25/21, 4:47:01 PM,%RH,76.901
1/25/21, 5:47:01 PM,%RH,93.856
1/25/21, 6:47:01 PM,%RH,101.838
1/25/21, 7:47:01 PM,%RH,103.216
1/25/21, 8:47:01 PM,%RH,103.678
1/25/21, 9:47:01 PM,%RH,103.71
1/25/21, 10:47:01 PM,%RH,103.665
1/25/21, 11:47:01 PM,%RH,104.106
1/26/21, 12:47:01 AM,%RH,104.565
1/26/21, 1:47:01 AM,%RH,104.567
1/26/21, 2:47:01 AM,%RH,103.644
1/26/21, 3:47:01 AM,%RH,102.717
1/26/21, 4:47:01 AM,%RH,103.189
1/26/21, 5:47:01 AM,%RH,102.255
1/26/21, 6:47:01 AM,%RH,102.273
1/26/21, 7:47:01 AM,%RH,102.753
1/26/21, 8:47:01 AM,%RH,92.436
1/26/21, 9:47:01 AM,%RH,48.152
1/26/21, 10:47:01 AM,%RH,39.946
1/26/21, 11:47:01 AM,%RH,36.785
1/26/21, 12:47:01 PM,%RH,35.178
1/26/21, 1:47:01 PM,%RH,33.111
1/26/21, 2:47:01 PM,%RH,34.937
1/26/21, 3:47:01 PM,%RH,40.052
1/26/21, 4:47:01 PM,%RH,42.399
1/26/21, 5:47:01 PM,%RH,53.338
1/26/21, 6:47:01 PM,%RH,63.812
1/26/21, 7:47:01 PM,%RH,73.281
1/26/21, 8:47:01 PM,%RH,76.624
1/26/21, 9:47:01 PM,%RH,77.168
1/26/21, 10:47:01 PM,%RH,77.21
1/26/21, 11:47:01 PM,%RH,79.331
1/27/21, 12:47:01 AM,%RH,77.752
1/27/21, 1:47:01 AM,%RH,76.754
1/27/21, 2:47:01 AM,%RH,100.589
1/27/21, 3:47:01 AM,%RH,102.424
1/27/21, 4:47:01 AM,%RH,102.887
1/27/21, 5:47:01 AM,%RH,103.38
1/27/21, 6:47:01 AM,%RH,103.38
1/27/21, 7:47:01 AM,%RH,103.873
1/27/21, 8:47:01 AM,%RH,103.909
1/27/21, 9:47:01 AM,%RH,103.948
1/27/21, 10:47:01 AM,%RH,103.99
1/27/21, 11:47:01 AM,%RH,103.531
1/27/21, 12:47:01 PM,%RH,104.861
1/27/21, 1:47:01 PM,%RH,103.99
1/27/21, 2:47:01 PM,%RH,105.356
1/27/21, 3:47:01 PM,%RH,104.902
1/27/21, 4:47:01 PM,%RH,104.902
1/27/21, 5:47:01 PM,%RH,104.447
1/27/21, 6:47:01 PM,%RH,103.99
1/27/21, 7:47:01 PM,%RH,104.902
1/27/21, 8:47:01 PM,%RH,104.946
1/27/21, 9:47:01 PM,%RH,104.861
1/27/21, 10:47:01 PM,%RH,104.902
1/27/21, 11:47:01 PM,%RH,104.902
1/28/21, 12:47:01 AM,%RH,104.902
1/28/21, 1:47:01 AM,%RH,105.356
1/28/21, 2:47:01 AM,%RH,104.861
1/28/21, 3:47:01 AM,%RH,105.315
1/28/21, 4:47:01 AM,%RH,105.315
1/28/21, 5:47:01 AM,%RH,105.315
1/28/21, 6:47:01 AM,%RH,105.315
1/28/21, 7:47:01 AM,%RH,105.809
1/28/21, 8:47:01 AM,%RH,104.993
1/28/21, 9:47:01 AM,%RH,105.206
1/28/21, 10:47:01 AM,%RH,106.234
1/28/21, 11:47:01 AM,%RH,99.576
1/28/21, 12:47:01 PM,%RH,72.775
1/28/21, 1:47:01 PM,%RH,71.585
1/28/21, 2:47:01 PM,%RH,70.048
1/28/21, 3:47:01 PM,%RH,73.257
1/28/21, 4:47:01 PM,%RH,87.967
1/28/21, 5:47:01 PM,%RH,101.057
1/28/21, 6:47:01 PM,%RH,103.32
1/28/21, 7:47:01 PM,%RH,103.576
1/28/21, 8:47:01 PM,%RH,104.447
1/28/21, 9:47:01 PM,%RH,104.405
1/28/21, 10:47:01 PM,%RH,104.861
1/28/21, 11:47:01 PM,%RH,104.405
1/29/21, 12:47:01 AM,%RH,104.861
1/29/21, 1:47:01 AM,%RH,104.405
1/29/21, 2:47:01 AM,%RH,105.277
1/29/21, 3:47:01 AM,%RH,104.861
1/29/21, 4:47:01 AM,%RH,105.315
1/29/21, 5:47:01 AM,%RH,105.241
1/29/21, 6:47:01 AM,%RH,105.178
1/29/21, 7:47:01 AM,%RH,106.259
1/29/21, 8:47:01 AM,%RH,107.845
1/29/21, 9:47:01 AM,%RH,105.534
1/29/21, 10:47:01 AM,%RH,104.183
1/29/21, 11:47:01 AM,%RH,103.898
1/29/21, 12:47:01 PM,%RH,104.484
1/29/21, 1:47:01 PM,%RH,104.752
1/29/21, 2:47:01 PM,%RH,104.295
1/29/21, 3:47:01 PM,%RH,103.725
1/29/21, 4:47:01 PM,%RH,101.773
1/29/21, 5:47:01 PM,%RH,104.946
1/29/21, 6:47:01 PM,%RH,106.219
1/29/21, 7:47:01 PM,%RH,106.219
1/29/21, 8:47:01 PM,%RH,106.056
1/29/21, 9:47:01 PM,%RH,106.083
1/29/21, 10:47:01 PM,%RH,106.01
1/29/21, 11:47:01 PM,%RH,106.442
1/30/21, 12:47:01 AM,%RH,106.461
1/30/21, 1:47:01 AM,%RH,106.442
1/30/21, 2:47:01 AM,%RH,106.426
1/30/21, 3:47:01 AM,%RH,106.461
1/30/21, 4:47:01 AM,%RH,106.442
1/30/21, 5:47:01 AM,%RH,106.876
1/30/21, 6:47:01 AM,%RH,106.413
1/30/21, 7:47:01 AM,%RH,107.011
1/30/21, 8:47:01 AM,%RH,107.961
1/30/21, 9:47:01 AM,%RH,83.217
1/30/21, 10:47:01 AM,%RH,62.059
1/30/21, 11:47:01 AM,%RH,54.267
1/30/21, 12:47:01 PM,%RH,50.481
1/30/21, 1:47:01 PM,%RH,42.238
1/30/21, 2:47:01 PM,%RH,41.847
1/30/21, 3:47:01 PM,%RH,41.207
1/30/21, 4:47:01 PM,%RH,41.697
1/30/21, 5:47:01 PM,%RH,53.12
1/30/21, 6:47:01 PM,%RH,61.235
1/30/21, 7:47:01 PM,%RH,66.458
1/30/21, 8:47:01 PM,%RH,71.439
1/30/21, 9:47:01 PM,%RH,75.263
1/30/21, 10:47:01 PM,%RH,74.713
1/30/21, 11:47:01 PM,%RH,73.61
1/31/21, 12:47:01 AM,%RH,75.263
1/31/21, 1:47:01 AM,%RH,75.759
1/31/21, 2:47:01 AM,%RH,78.965
1/31/21, 3:47:01 AM,%RH,78.381
1/31/21, 4:47:01 AM,%RH,75.71
1/31/21, 5:47:01 AM,%RH,73.558
1/31/21, 6:47:01 AM,%RH,68.68
1/31/21, 7:47:01 AM,%RH,65.432
1/31/21, 8:47:01 AM,%RH,48.859
1/31/21, 9:47:01 AM,%RH,45.744
1/31/21, 10:47:01 AM,%RH,36.879
1/31/21, 11:47:01 AM,%RH,36.738
1/31/21, 12:47:01 PM,%RH,34.12
1/31/21, 1:47:01 PM,%RH,32.729
1/31/21, 2:47:01 PM,%RH,33.259
1/31/21, 3:47:01 PM,%RH,36.467
1/31/21, 4:47:01 PM,%RH,38.331
1/31/21, 5:47:01 PM,%RH,41.283
1/31/21, 6:47:01 PM,%RH,44.314
1/31/21, 7:47:01 PM,%RH,41.847
1/31/21, 8:47:01 PM,%RH,46.756
1/31/21, 9:47:01 PM,%RH,52.254
1/31/21, 10:47:01 PM,%RH,53.402
1/31/21, 11:47:01 PM,%RH,51.101
2/1/21, 12:47:01 AM,%RH,51.641
2/1/21, 1:47:01 AM,%RH,52.254
2/1/21, 2:47:01 AM,%RH,55.752
2/1/21, 3:47:01 AM,%RH,52.865
2/1/21, 4:47:01 AM,%RH,52.254
2/1/21, 5:47:01 AM,%RH,51.641
2/1/21, 6:47:01 AM,%RH,53.474
2/1/21, 7:47:01 AM,%RH,52.939
2/1/21, 8:47:01 AM,%RH,57.247
2/1/21, 9:47:01 AM,%RH,49.99
2/1/21, 10:47:01 AM,%RH,47.702
2/1/21, 11:47:01 AM,%RH,34.266
2/1/21, 12:47:01 PM,%RH,34.217
2/1/21, 1:47:01 PM,%RH,33.596
2/1/21, 2:47:01 PM,%RH,32.153
2/1/21, 3:47:01 PM,%RH,36.027
2/1/21, 4:47:01 PM,%RH,37.176
2/1/21, 5:47:01 PM,%RH,45.097
2/1/21, 6:47:01 PM,%RH,56.498
2/1/21, 7:47:01 PM,%RH,60.002
2/1/21, 8:47:01 PM,%RH,62.798
2/1/21, 9:47:01 PM,%RH,66.844
2/1/21, 10:47:01 PM,%RH,68.421
2/1/21, 11:47:01 PM,%RH,75.545
2/2/21, 12:47:01 AM,%RH,70.183
2/2/21, 1:47:01 AM,%RH,70.183
2/2/21, 2:47:01 AM,%RH,70.183
2/2/21, 3:47:01 AM,%RH,73.404
2/2/21, 4:47:01 AM,%RH,71.8
2/2/21, 5:47:01 AM,%RH,75.485
2/2/21, 6:47:01 AM,%RH,78.146
2/2/21, 7:47:01 AM,%RH,62.145
2/2/21, 8:47:01 AM,%RH,53.197
2/2/21, 9:47:01 AM,%RH,42.221
2/2/21, 10:47:01 AM,%RH,33.601
2/2/21, 11:47:01 AM,%RH,35.715
2/2/21, 12:47:01 PM,%RH,34.163
2/2/21, 1:47:01 PM,%RH,33.025
2/2/21, 2:47:01 PM,%RH,43.895
2/2/21, 3:47:01 PM,%RH,45.744
2/2/21, 4:47:01 PM,%RH,61.176
2/2/21, 5:47:01 PM,%RH,70.125
2/2/21, 6:47:01 PM,%RH,83.765
2/2/21, 7:47:01 PM,%RH,84.224
2/2/21, 8:47:01 PM,%RH,86.179
2/2/21, 9:47:01 PM,%RH,86.582
2/2/21, 10:47:01 PM,%RH,84.103
2/2/21, 11:47:01 PM,%RH,80.469
2/3/21, 12:47:01 AM,%RH,83.522
2/3/21, 1:47:01 AM,%RH,83.522
2/3/21, 2:47:01 AM,%RH,87.096
2/3/21, 3:47:01 AM,%RH,89.54
2/3/21, 4:47:01 AM,%RH,88.526
2/3/21, 5:47:01 AM,%RH,90.045
2/3/21, 6:47:01 AM,%RH,92.498
2/3/21, 7:47:01 AM,%RH,77.031
2/3/21, 8:47:01 AM,%RH,63.576
2/3/21, 9:47:01 AM,%RH,42.964
2/3/21, 10:47:01 AM,%RH,40.119
2/3/21, 11:47:01 AM,%RH,40.992
2/3/21, 12:47:01 PM,%RH,38.423
2/3/21, 1:47:01 PM,%RH,41.993
2/3/21, 2:47:01 PM,%RH,46.346
2/3/21, 3:47:01 PM,%RH,46.986
2/3/21, 4:47:01 PM,%RH,51.883
2/3/21, 5:47:01 PM,%RH,55.442
2/3/21, 6:47:01 PM,%RH,53.474
2/3/21, 7:47:01 PM,%RH,58.079
2/3/21, 8:47:01 PM,%RH,58.15
2/3/21, 9:47:01 PM,%RH,60.451
2/3/21, 10:47:01 PM,%RH,61.628
2/3/21, 11:47:01 PM,%RH,59.2
2/4/21, 12:47:01 AM,%RH,55.009
2/4/21, 1:47:01 AM,%RH,54.807
2/4/21, 2:47:01 AM,%RH,55.698
2/4/21, 3:47:01 AM,%RH,67.374
2/4/21, 4:47:01 AM,%RH,69.027
2/4/21, 5:47:01 AM,%RH,65.6
2/4/21, 6:47:01 AM,%RH,68.46
2/4/21, 7:47:01 AM,%RH,49.399
2/4/21, 8:47:01 AM,%RH,34.6
2/4/21, 9:47:01 AM,%RH,28.968
2/4/21, 10:47:01 AM,%RH,27.759
2/4/21, 11:47:01 AM,%RH,30.586
2/4/21, 12:47:01 PM,%RH,30.43
2/4/21, 1:47:01 PM,%RH,27.929
2/4/21, 2:47:01 PM,%RH,33.746
2/4/21, 3:47:01 PM,%RH,32.398
2/4/21, 4:47:01 PM,%RH,32.352
2/4/21, 5:47:01 PM,%RH,31.573
2/4/21, 6:47:01 PM,%RH,39.553
2/4/21, 7:47:01 PM,%RH,38.837
2/4/21, 8:47:01 PM,%RH,36.536
2/4/21, 9:47:01 PM,%RH,45.56
2/4/21, 10:47:01 PM,%RH,47.994
2/4/21, 11:47:01 PM,%RH,46.746
2/5/21, 12:47:01 AM,%RH,48.061
2/5/21, 1:47:01 AM,%RH,49.169
2/5/21, 2:47:01 AM,%RH,46.188
2/5/21, 3:47:01 AM,%RH,49.235
2/5/21, 4:47:01 AM,%RH,49.787
2/5/21, 5:47:01 AM,%RH,51.505
2/5/21, 6:47:01 AM,%RH,49.169
2/5/21, 7:47:01 AM,%RH,39.848
2/5/21, 8:47:01 AM,%RH,30.025
2/5/21, 9:47:01 AM,%RH,26.547
2/5/21, 10:47:01 AM,%RH,25.708
2/5/21, 11:47:01 AM,%RH,27.475
2/5/21, 12:47:01 PM,%RH,29.877
2/5/21, 1:47:01 PM,%RH,20.249
2/5/21, 2:47:01 PM,%RH,24.056
2/5/21, 3:47:01 PM,%RH,36.121
2/5/21, 4:47:01 PM,%RH,43.123
2/5/21, 5:47:01 PM,%RH,52.478
2/5/21, 6:47:01 PM,%RH,63.381
2/5/21, 7:47:01 PM,%RH,59.339
2/5/21, 8:47:01 PM,%RH,39.354
2/5/21, 9:47:01 PM,%RH,32.937
2/5/21, 10:47:01 PM,%RH,33.483
2/5/21, 11:47:01 PM,%RH,50.47
2/6/21, 12:47:01 AM,%RH,55.156
2/6/21, 1:47:01 AM,%RH,56.422
2/6/21, 2:47:01 AM,%RH,55.821
2/6/21, 3:47:01 AM,%RH,50.47
2/6/21, 4:47:01 AM,%RH,43.807
2/6/21, 5:47:01 AM,%RH,40.765
2/6/21, 6:47:01 AM,%RH,44.369
2/6/21, 7:47:01 AM,%RH,35.67
2/6/21, 8:47:01 AM,%RH,28.815
2/6/21, 9:47:01 AM,%RH,24.694
2/6/21, 10:47:01 AM,%RH,22.827
2/6/21, 11:47:01 AM,%RH,22.559
2/6/21, 12:47:01 PM,%RH,23.901
2/6/21, 1:47:01 PM,%RH,16.615
2/6/21, 2:47:01 PM,%RH,16.341
2/6/21, 3:47:01 PM,%RH,17.703
2/6/21, 4:47:01 PM,%RH,23.635
2/6/21, 5:47:01 PM,%RH,30.832
2/6/21, 6:47:01 PM,%RH,37.762
2/6/21, 7:47:01 PM,%RH,40.837
2/6/21, 8:47:01 PM,%RH,42.043
2/6/21, 9:47:01 PM,%RH,45.698
2/6/21, 10:47:01 PM,%RH,45.629
2/6/21, 11:47:01 PM,%RH,52.181
2/7/21, 12:47:01 AM,%RH,52.181
2/7/21, 1:47:01 AM,%RH,55.698
2/7/21, 2:47:01 AM,%RH,57.022
2/7/21, 3:47:01 AM,%RH,61.114
2/7/21, 4:47:01 AM,%RH,61.643
2/7/21, 5:47:01 AM,%RH,62.229
2/7/21, 6:47:01 AM,%RH,63.92
2/7/21, 7:47:01 AM,%RH,45.483
2/7/21, 8:47:01 AM,%RH,33.547
2/7/21, 9:47:01 AM,%RH,33.386
2/7/21, 10:47:01 AM,%RH,31.18
2/7/21, 11:47:01 AM,%RH,30.67
2/7/21, 12:47:01 PM,%RH,29.877
2/7/21, 1:47:01 PM,%RH,22.292
2/7/21, 2:47:01 PM,%RH,29.546
2/7/21, 3:47:01 PM,%RH,36.074
2/7/21, 4:47:01 PM,%RH,46.948
2/7/21, 5:47:01 PM,%RH,56.277
2/7/21, 6:47:01 PM,%RH,75.801
2/7/21, 7:47:01 PM,%RH,77.783
2/7/21, 8:47:01 PM,%RH,75.545
2/7/21, 9:47:01 PM,%RH,77.063
2/7/21, 10:47:01 PM,%RH,75.918
2/7/21, 11:47:01 PM,%RH,74.271
2/8/21, 12:47:01 AM,%RH,72.555
2/8/21, 1:47:01 AM,%RH,69.189
2/8/21, 2:47:01 AM,%RH,72.953
2/8/21, 3:47:01 AM,%RH,71.839
2/8/21, 4:47:01 AM,%RH,71.23
2/8/21, 5:47:01 AM,%RH,73.412
2/8/21, 6:47:01 AM,%RH,72.811
2/8/21, 7:47:01 AM,%RH,52.792
2/8/21, 8:47:01 AM,%RH,41.622
2/8/21, 9:47:01 AM,%RH,33.025
2/8/21, 10:47:01 AM,%RH,31.582
2/8/21, 11:47:01 AM,%RH,35.66
2/8/21, 12:47:01 PM,%RH,37.434
2/8/21, 1:47:01 PM,%RH,32.203
2/8/21, 2:47:01 PM,%RH,37.926
2/8/21, 3:47:01 PM,%RH,43.811
2/8/21, 4:47:01 PM,%RH,63.531
2/8/21, 5:47:01 PM,%RH,81.332
2/8/21, 6:47:01 PM,%RH,93.246
2/8/21, 7:47:01 PM,%RH,98.476
2/8/21, 8:47:01 PM,%RH,100.662
2/8/21, 9:47:01 PM,%RH,102.026
2/8/21, 10:47:01 PM,%RH,101.561
2/8/21, 11:47:01 PM,%RH,101.992
2/9/21, 12:47:01 AM,%RH,102.456
2/9/21, 1:47:01 AM,%RH,103.948
2/9/21, 2:47:01 AM,%RH,103.029
2/9/21, 3:47:01 AM,%RH,103.029
2/9/21, 4:47:01 AM,%RH,103.45
2/9/21, 5:47:01 AM,%RH,104.297
2/9/21, 6:47:01 AM,%RH,104.33
2/9/21, 7:47:01 AM,%RH,104.447
2/9/21, 8:47:01 AM,%RH,102.804
2/9/21, 9:47:01 AM,%RH,99.77
2/9/21, 10:47:01 AM,%RH,72.348
2/9/21, 11:47:01 AM,%RH,68.3
2/9/21, 12:47:01 PM,%RH,53.481
2/9/21, 1:47:01 PM,%RH,58.838
2/9/21, 2:47:01 PM,%RH,67.07
2/9/21, 3:47:01 PM,%RH,63.531
2/9/21, 4:47:01 PM,%RH,71.329
2/9/21, 5:47:01 PM,%RH,83.374
2/9/21, 6:47:01 PM,%RH,90.876
2/9/21, 7:47:01 PM,%RH,92.809
2/9/21, 8:47:01 PM,%RH,94.231
2/9/21, 9:47:01 PM,%RH,98.903
2/9/21, 10:47:01 PM,%RH,101.681
2/9/21, 11:47:01 PM,%RH,102.527
2/10/21, 12:47:01 AM,%RH,102.456
2/10/21, 1:47:01 AM,%RH,102.654
2/10/21, 2:47:01 AM,%RH,102.654
2/10/21, 3:47:01 AM,%RH,103.163
2/10/21, 4:47:01 AM,%RH,103.163
2/10/21, 5:47:01 AM,%RH,101.824
2/10/21, 6:47:01 AM,%RH,98.05
2/10/21, 7:47:01 AM,%RH,96.663
2/10/21, 8:47:01 AM,%RH,91.504
2/10/21, 9:47:01 AM,%RH,59.008
2/10/21, 10:47:01 AM,%RH,53.736
2/10/21, 11:47:01 AM,%RH,53.209
2/10/21, 12:47:01 PM,%RH,52.587
2/10/21, 1:47:01 PM,%RH,47.91
2/10/21, 2:47:01 PM,%RH,55.125
2/10/21, 3:47:01 PM,%RH,59.359
2/10/21, 4:47:01 PM,%RH,65.89
2/10/21, 5:47:01 PM,%RH,76.632
2/10/21, 6:47:01 PM,%RH,84.874
2/10/21, 7:47:01 PM,%RH,94.231
2/10/21, 8:47:01 PM,%RH,93.739
2/10/21, 9:47:01 PM,%RH,97.039
2/10/21, 10:47:01 PM,%RH,101.171
2/10/21, 11:47:01 PM,%RH,102.527
2/11/21, 12:47:01 AM,%RH,102.527
2/11/21, 1:47:01 AM,%RH,103.38
2/11/21, 2:47:01 AM,%RH,103.348
2/11/21, 3:47:01 AM,%RH,103.808
2/11/21, 4:47:01 AM,%RH,104.266
2/11/21, 5:47:01 AM,%RH,102.832
2/11/21, 6:47:01 AM,%RH,103.294
2/11/21, 7:47:01 AM,%RH,90.709
2/11/21, 8:47:01 AM,%RH,61.89
2/11/21, 9:47:01 AM,%RH,47.503
2/11/21, 10:47:01 AM,%RH,42.129
2/11/21, 11:47:01 AM,%RH,37.706
2/11/21, 12:47:01 PM,%RH,42.671
2/11/21, 1:47:01 PM,%RH,46.726
2/11/21, 2:47:01 PM,%RH,52.196
2/11/21, 3:47:01 PM,%RH,61.259
2/11/21, 4:47:01 PM,%RH,70.604
2/11/21, 5:47:01 PM,%RH,80.411
2/11/21, 6:47:01 PM,%RH,85.531
2/11/21, 7:47:01 PM,%RH,92.373
2/11/21, 8:47:01 PM,%RH,91.504
2/11/21, 9:47:01 PM,%RH,98.05
2/11/21, 10:47:01 PM,%RH,101.726
2/11/21, 11:47:01 PM,%RH,102.146
2/12/21, 12:47:01 AM,%RH,102.063
2/12/21, 1:47:01 AM,%RH,101.638
2/12/21, 2:47:01 AM,%RH,102.654
2/12/21, 3:47:01 AM,%RH,102.751
2/12/21, 4:47:01 AM,%RH,103.265
2/12/21, 5:47:01 AM,%RH,103.78
2/12/21, 6:47:01 AM,%RH,103.265
2/12/21, 7:47:01 AM,%RH,104.552
2/12/21, 8:47:01 AM,%RH,63.51
2/12/21, 9:47:01 AM,%RH,52.02
2/12/21, 10:47:01 AM,%RH,44.255
2/12/21, 11:47:01 AM,%RH,47.187
2/12/21, 12:47:01 PM,%RH,43.062
2/12/21, 1:47:01 PM,%RH,38.061
2/12/21, 2:47:01 PM,%RH,46.804
2/12/21, 3:47:01 PM,%RH,50.172
2/12/21, 4:47:01 PM,%RH,50.094
2/12/21, 5:47:01 PM,%RH,49.323
2/12/21, 6:47:01 PM,%RH,59.658
2/12/21, 7:47:01 PM,%RH,63.761
2/12/21, 8:47:01 PM,%RH,68.231
2/12/21, 9:47:01 PM,%RH,73.223
2/12/21, 10:47:01 PM,%RH,74.216
2/12/21, 11:47:01 PM,%RH,76.901
2/13/21, 12:47:01 AM,%RH,69.811
2/13/21, 1:47:01 AM,%RH,69.754
2/13/21, 2:47:01 AM,%RH,71.332
2/13/21, 3:47:01 AM,%RH,57.482
2/13/21, 4:47:01 AM,%RH,65.309
2/13/21, 5:47:01 AM,%RH,70.374
2/13/21, 6:47:01 AM,%RH,75.71
2/13/21, 7:47:01 AM,%RH,72.231
2/13/21, 8:47:01 AM,%RH,50.056
2/13/21, 9:47:01 AM,%RH,40.266
2/13/21, 10:47:01 AM,%RH,44.208
2/13/21, 11:47:01 AM,%RH,45.54
2/13/21, 12:47:01 PM,%RH,50.71
2/13/21, 1:47:01 PM,%RH,50.481
2/13/21, 2:47:01 PM,%RH,31.283
2/13/21, 3:47:01 PM,%RH,31.186
2/13/21, 4:47:01 PM,%RH,44.909
2/13/21, 5:47:01 PM,%RH,31.583
2/13/21, 6:47:01 PM,%RH,32.378
2/13/21, 7:47:01 PM,%RH,30.166
2/13/21, 8:47:01 PM,%RH,36.61
2/13/21, 9:47:01 PM,%RH,39.055
2/13/21, 10:47:01 PM,%RH,43.606
2/13/21, 11:47:01 PM,%RH,46.756
2/14/21, 12:47:01 AM,%RH,49.175
2/14/21, 1:47:01 AM,%RH,50.954
2/14/21, 2:47:01 AM,%RH,50.266
2/14/21, 3:47:01 AM,%RH,53.938
2/14/21, 4:47:01 AM,%RH,55.078
2/14/21, 5:47:01 AM,%RH,58.675
2/14/21, 6:47:01 AM,%RH,60.315
2/14/21, 7:47:01 AM,%RH,58.675
2/14/21, 8:47:01 AM,%RH,47.411
2/14/21, 9:47:01 AM,%RH,46.233
2/14/21, 10:47:01 AM,%RH,45.591
2/14/21, 11:47:01 AM,%RH,41.701
2/14/21, 12:47:01 PM,%RH,38.457
2/14/21, 1:47:01 PM,%RH,37.752
2/14/21, 2:47:01 PM,%RH,38.373
2/14/21, 3:47:01 PM,%RH,33.612
2/14/21, 4:47:01 PM,%RH,39.278
2/14/21, 5:47:01 PM,%RH,42.188
2/14/21, 6:47:01 PM,%RH,38.119
2/14/21, 7:47:01 PM,%RH,36.243
2/14/21, 8:47:01 PM,%RH,42.68
2/14/21, 9:47:01 PM,%RH,43.459
2/14/21, 10:47:01 PM,%RH,45.768
2/14/21, 11:47:01 PM,%RH,48.888
2/15/21, 12:47:01 AM,%RH,52.038
2/15/21, 1:47:01 AM,%RH,55.682
2/15/21, 2:47:01 AM,%RH,61.297
2/15/21, 3:47:01 AM,%RH,76.256
2/15/21, 4:47:01 AM,%RH,71.891
2/15/21, 5:47:01 AM,%RH,82.077
2/15/21, 6:47:01 AM,%RH,76.85
2/15/21, 7:47:01 AM,%RH,70.882
2/15/21, 8:47:01 AM,%RH,59.307
2/15/21, 9:47:01 AM,%RH,45.91
2/15/21, 10:47:01 AM,%RH,41.524
2/15/21, 11:47:01 AM,%RH,42.316
2/15/21, 12:47:01 PM,%RH,37.175
2/15/21, 1:47:01 PM,%RH,42.687
2/15/21, 2:47:01 PM,%RH,45.142
2/15/21, 3:47:01 PM,%RH,48.896
2/15/21, 4:47:01 PM,%RH,56.298
2/15/21, 5:47:01 PM,%RH,63.315
2/15/21, 6:47:01 PM,%RH,73.669
2/15/21, 7:47:01 PM,%RH,80.531
2/15/21, 8:47:01 PM,%RH,92.048
2/15/21, 9:47:01 PM,%RH,94.47
2/15/21, 10:47:01 PM,%RH,95.004
2/15/21, 11:47:01 PM,%RH,97.859
2/16/21, 12:47:01 AM,%RH,100.625
2/16/21, 1:47:01 AM,%RH,101.561
2/16/21, 2:47:01 AM,%RH,99.173
2/16/21, 3:47:01 AM,%RH,101.464
2/16/21, 4:47:01 AM,%RH,102.456
2/16/21, 5:47:01 AM,%RH,102.808
2/16/21, 6:47:01 AM,%RH,102.887
2/16/21, 7:47:01 AM,%RH,79.074
2/16/21, 8:47:01 AM,%RH,61.988
2/16/21, 9:47:01 AM,%RH,53.782
2/16/21, 10:47:01 AM,%RH,39.757
2/16/21, 11:47:01 AM,%RH,38.394
2/16/21, 12:47:01 PM,%RH,38.813
2/16/21, 1:47:01 PM,%RH,39.859
